8p|r;r;r;r;b;b;b;b|Plot from RKM_auto with p = 4|x|y
0 1 1 -1 1
0.00525306 1.00003 0.999945 -1.00003 1
0.0157592 1.00025 0.999503 -1.00025 1
0.0367714 1.00135 0.997299 -1.00135 0.999999
0.0787958 1.00623 0.987659 -1.00621 0.999981
0.162845 1.02687 0.948351 -1.02652 0.999648
0.246894 1.06281 0.885292 -1.06092 0.998143
0.330943 1.1155 0.803637 -1.1093 0.994008
0.414991 1.18693 0.709826 -1.17137 0.985207
0.49904 1.2795 0.610822 -1.24647 0.969149
0.583089 1.39581 0.513266 -1.33348 0.942757
0.667138 1.53806 0.422719 -1.43052 0.902579
0.751187 1.70711 0.343141 -1.53481 0.844973
0.835236 1.90102 0.276711 -1.64239 0.766375
0.919285 2.11281 0.224015 -1.74802 0.66367
1.00333 2.3281 0.1845 -1.84506 0.534673
1.04536 2.43002 0.169348 -1.8879 0.460028
1.08738 2.52316 0.157076 -1.92551 0.378708
1.12941 2.60317 0.14757 -1.95673 0.29097
1.17143 2.66539 0.14076 -1.98035 0.197248
1.21346 2.70517 0.136651 -1.99517 0.0981682
1.2975 2.70108 0.137066 -1.99365 -0.112477
1.33953 2.65148 0.142242 -1.97512 -0.221678
1.38155 2.56884 0.15154 -1.94346 -0.331494
1.42358 2.45449 0.165989 -1.89792 -0.440154
1.4656 2.31174 0.187122 -1.838 -0.545668
1.50763 2.14569 0.217203 -1.76346 -0.645848
1.54965 1.96289 0.259541 -1.67442 -0.738345
1.59168 1.77068 0.318947 -1.57137 -0.820694
1.6337 1.57652 0.402343 -1.45523 -0.890375
1.65471 1.48092 0.455969 -1.39267 -0.919679
1.67573 1.38735 0.519548 -1.3274 -0.944884
1.69674 1.2965 0.594907 -1.25968 -0.965693
1.71775 1.20898 0.684159 -1.18978 -0.981823
1.73876 1.12528 0.789724 -1.11804 -0.993006
1.75977 1.04579 0.914324 -1.04478 -0.998993
1.78079 0.970835 1.06097 -0.970409 -0.999557
1.8018 0.900604 1.23289 -0.89532 -0.994501
1.82281 0.835223 1.43346 -0.819954 -0.983652
1.84382 0.774736 1.66603 -0.744778 -0.966876
1.86484 0.719119 1.93369 -0.670283 -0.944072
1.88585 0.668291 2.23902 -0.596981 -0.915182
1.90686 0.622127 2.58362 -0.525404 -0.880193
1.92787 0.58047 2.96775 -0.456098 -0.839136
1.94888 0.543136 3.38975 -0.389622 -0.792095
1.9699 0.509932 3.84556 -0.326541 -0.739207
1.99091 0.480659 4.32822 -0.267422 -0.680663
2.03293 0.433137 5.33005 -0.163319 -0.547662
2.05395 0.414538 5.81907 -0.11943 -0.473881
2.07496 0.399181 6.27541 -0.081681 -0.395796
2.09597 0.38695 6.67838 -0.0505622 -0.313896
2.11698 0.377761 7.00723 -0.026529 -0.228727
2.13799 0.371566 7.24282 -0.00999475 -0.140893
2.15901 0.368358 7.36952 -0.00132358 -0.0510512
2.18002 0.368174 7.3769 -0.000823505 0.0400888
2.20103 0.3711 7.26103 -0.00873944 0.131771
2.22204 0.377276 7.02523 -0.0252465 0.223198
2.26407 0.400247 6.24202 -0.0843481 0.401928
2.28508 0.417641 5.7329 -0.126889 0.487487
2.30609 0.4395 5.17682 -0.177904 0.569321
2.3271 0.466319 4.5985 -0.237135 0.646535
2.34812 0.498678 4.02108 -0.304225 0.718241
2.36913 0.537244 3.4645 -0.378715 0.783569
2.39014 0.582766 2.9444 -0.460048 0.841683
2.41115 0.636067 2.47162 -0.547563 0.891786
2.43217 0.698018 2.05236 -0.640504 0.933138
2.45318 0.769514 1.68871 -0.738016 0.965065
2.47419 0.851418 1.37945 -0.839159 0.986975
2.4952 0.944496 1.12097 -0.942905 0.998364
2.51621 1.04933 0.908182 -1.04816 0.998836
2.53723 1.16619 0.735291 -1.15375 0.988108
2.55824 1.29493 0.59636 -1.25846 0.96602
2.57925 1.43481 0.485751 -1.36103 0.932551
2.60026 1.58437 0.398372 -1.46019 0.887819
2.62128 1.7413 0.329804 -1.55463 0.832092
2.64229 1.90234 0.27633 -1.64309 0.765791
2.6633 2.06327 0.234908 -1.72429 0.689493
2.68431 2.21895 0.203102 -1.79703 0.603931
2.70532 2.36358 0.179008 -1.86018 0.509993
2.72634 2.49094 0.161171 -1.91266 0.408715
2.74735 2.59486 0.14852 -1.95353 0.301277
2.76836 2.66972 0.140308 -1.98198 0.188992
2.78937 2.71097 0.136071 -1.99731 0.0732898
2.81039 2.7156 0.135607 -1.99902 -0.0442926
2.8314 2.68254 0.13897 -1.98677 -0.162134
2.85241 2.61279 0.146489 -1.96042 -0.278548
2.87342 2.5094 0.158808 -1.92004 -0.391806
2.89443 2.37721 0.17696 -1.86593 -0.500164
2.91545 2.22238 0.202477 -1.79858 -0.60189
2.93646 2.05182 0.237538 -1.71872 -0.695293
2.95747 1.87261 0.285176 -1.62733 -0.778751
2.97848 1.69144 0.349537 -1.52558 -0.850744
2.9995 1.51415 0.436177 -1.41486 -0.909886
3.02051 1.34548 0.552389 -1.29675 -0.954953
3.03101 1.26552 0.624404 -1.23548 -0.971878
3.04152 1.18891 0.70746 -1.17304 -0.984914
3.05203 1.11592 0.803045 -1.10967 -0.993967
3.06253 1.0467 0.912766 -1.04564 -0.998957
3.07304 0.981372 1.03833 -0.981195 -0.999823
3.08354 0.919993 1.1815 -0.916609 -0.996517
3.09405 0.862565 1.34406 -0.852153 -0.98901
3.10456 0.809051 1.52774 -0.788105 -0.977292
3.11506 0.759378 1.73415 -0.724742 -0.96137
3.12557 0.713444 1.96464 -0.662347 -0.941271
3.13607 0.671126 2.22021 -0.6012 -0.917038
3.14658 0.632285 2.50137 -0.541582 -0.888737
3.15709 0.596769 2.80796 -0.483772 -0.856452
3.16759 0.564421 3.13903 -0.428043 -0.820285
3.18861 0.508602 3.86587 -0.323907 -0.736818
3.20962 0.463593 4.65297 -0.231248 -0.639549
3.23063 0.42827 5.45218 -0.151993 -0.52999
3.25164 0.401675 6.19807 -0.0878821 -0.409935
3.27265 0.383056 6.81528 -0.0404176 -0.281439
3.28316 0.376563 7.05231 -0.0233237 -0.214732
3.30417 0.369002 7.34433 -0.0030373 -0.0779248
3.32518 0.368573 7.36143 -0.00187437 0.0612542
3.3462 0.375398 7.09618 -0.0202237 0.200112
3.36721 0.389886 6.5786 -0.0580908 0.335875
3.38822 0.41275 5.86993 -0.115081 0.465748
3.40923 0.445032 5.04918 -0.190388 0.586967
3.43025 0.488117 4.19715 -0.282799 0.696866
3.45126 0.543729 3.38248 -0.390697 0.792936
3.47227 0.613901 2.65339 -0.512082 0.872888
3.49328 0.700891 2.03563 -0.6446 0.934714
3.51429 0.807008 1.53548 -0.78558 0.976742
3.5248 0.867909 1.32755 -0.858334 0.989915
3.53531 0.934335 1.1455 -0.932083 0.997691
3.54581 1.00644 0.987241 -1.00643 0.99998
3.55632 1.08432 0.850531 -1.08095 0.996719
3.56683 1.16794 0.733094 -1.15525 0.987877
3.57733 1.2572 0.632699 -1.22889 0.973454
3.58784 1.35181 0.547231 -1.30145 0.953483
3.59834 1.45137 0.474734 -1.37251 0.92803
3.60885 1.55526 0.41343 -1.44165 0.897192
3.61936 1.66269 0.361731 -1.50844 0.8611
3.62986 1.77266 0.318243 -1.57248 0.819918
3.64037 1.88396 0.281752 -1.63338 0.773842
3.65087 1.99519 0.251214 -1.69074 0.723102
3.66138 2.10475 0.225741 -1.7442 0.667957
3.67189 2.2109 0.204586 -1.79341 0.608696
3.6929 2.40546 0.172833 -1.87775 0.479132
3.71391 2.56356 0.152173 -1.9414 0.337287
3.73492 2.67103 0.140175 -1.98247 0.186421
3.75594 2.71703 0.135469 -1.99955 0.0301156
3.77695 2.69606 0.137584 -1.9918 -0.12781
3.79796 2.60909 0.14691 -1.95901 -0.283387
3.81897 2.4635 0.164786 -1.90159 -0.432598
3.82948 2.37252 0.177666 -1.86396 -0.503571
3.85049 2.1637 0.213612 -1.77182 -0.635842
3.8715 1.93279 0.267699 -1.65897 -0.752175
3.88201 1.81408 0.303881 -1.59558 -0.8033
3.89251 1.69563 0.347819 -1.52805 -0.849215
3.90302 1.57903 0.401082 -1.45681 -0.889568
3.91353 1.46565 0.465533 -1.3823 -0.924042
3.92403 1.35663 0.54336 -1.305 -0.952355
3.93454 1.25286 0.637101 -1.22542 -0.974264
3.94505 1.15499 0.749639 -1.14409 -0.989568
3.95555 1.06349 0.884188 -1.06155 -0.998108
3.96606 0.978603 1.04423 -0.978363 -0.99977
3.97656 0.900429 1.23342 -0.895108 -0.994489
3.98707 0.828926 1.45539 -0.812367 -0.982245
3.99758 0.76394 1.71353 -0.730725 -0.96307
4.00808 0.705238 2.01066 -0.65077 -0.937045
4.01859 0.652526 2.34864 -0.573084 -0.9043
4.02909 0.605472 2.72786 -0.498242 -0.865018
4.0396 0.563728 3.14683 -0.426803 -0.81943
4.05011 0.526937 3.6016 -0.359312 -0.767815
4.06061 0.494753 4.08542 -0.296288 -0.710502
4.08163 0.442911 5.09779 -0.185597 -0.580323
4.09213 0.422672 5.59769 -0.138824 -0.508335
4.10264 0.405888 6.07023 -0.0983027 -0.432403
4.11314 0.392351 6.49632 -0.0643826 -0.35306
4.12365 0.381894 6.85695 -0.0373691 -0.270877
4.13416 0.374389 7.13466 -0.0175184 -0.186449
4.14466 0.369744 7.31502 -0.00503579 -0.100399
4.15517 0.367914 7.388 -7.23847e-05 -0.0133697
4.16567 0.36889 7.34893 -0.00272342 0.0739816
4.18669 0.379454 6.94542 -0.0309598 0.246967
4.2077 0.402262 6.18015 -0.0893302 0.41317
4.2182 0.418717 5.70393 -0.129424 0.492061
4.22871 0.438882 5.19181 -0.17646 0.567281
4.23922 0.463075 4.6635 -0.230118 0.638205
4.24972 0.491662 4.13696 -0.290021 0.704239
4.26023 0.525056 3.62745 -0.355737 0.764817
4.27074 0.563714 3.14699 -0.426779 0.819412
4.29175 0.658806 2.30407 -0.582664 0.908761
4.30225 0.716278 1.94916 -0.666304 0.942688
4.31276 0.78105 1.63928 -0.752876 0.96899
4.32327 0.853591 1.3725 -0.841689 0.987395
4.33377 0.93429 1.14564 -0.932025 0.997692
4.34428 1.02342 0.954781 -1.02314 0.999737
4.35478 1.12108 0.795678 -1.11429 0.993452
4.36529 1.22716 0.664067 -1.2047 0.978829
4.3758 1.34125 0.555898 -1.2936 0.955932
4.3863 1.46263 0.467466 -1.38023 0.924895
4.39681 1.59017 0.395487 -1.46384 0.885924
4.40731 1.72234 0.337118 -1.54368 0.839294
4.41782 1.85717 0.289948 -1.61905 0.785352
4.42833 1.99225 0.251963 -1.68927 0.724512
4.43883 2.12479 0.221511 -1.75367 0.657252
4.44934 2.25167 0.197251 -1.81168 0.584113
4.45985 2.36957 0.178111 -1.86272 0.505694
4.47035 2.47512 0.163245 -1.9063 0.422647
4.48086 2.56503 0.152002 -1.94198 0.335676
4.49136 2.63632 0.143893 -1.96939 0.245524
4.50187 2.68646 0.138573 -1.98823 0.152974
4.51238 2.71355 0.135819 -1.99827 0.0588391
4.53339 2.695 0.137696 -1.99141 -0.130819
4.5544 2.58197 0.150015 -1.94856 -0.316605
4.56491 2.49407 0.160775 -1.91392 -0.405893
4.57541 2.3888 0.175257 -1.8708 -0.491651
4.58592 2.26939 0.194183 -1.81952 -0.57306
4.59642 2.13936 0.218505 -1.76051 -0.649332
4.60693 2.00225 0.249455 -1.69427 -0.719719
4.61744 1.86148 0.288607 -1.62137 -0.78352
4.62794 1.72023 0.337946 -1.54246 -0.840087
4.63845 1.58128 0.399946 -1.45823 -0.888837
4.64896 1.44697 0.477642 -1.36946 -0.92925
4.65946 1.31913 0.574701 -1.27696 -0.960885
4.66997 1.19915 0.695455 -1.1816 -0.983377
4.68047 1.08794 0.844894 -1.08428 -0.996449
4.69098 0.986033 1.02857 -0.985923 -0.999908
4.70149 0.893592 1.25238 -0.887482 -0.993658
4.71199 0.81053 1.52222 -0.78992 -0.977694
4.7225 0.736546 1.84339 -0.694201 -0.952108
4.733 0.67119 2.21986 -0.601281 -0.917087
4.74351 0.613925 2.6533 -0.5121 -0.872916
4.75402 0.564164 3.14201 -0.42757 -0.819973
4.76452 0.521309 3.67984 -0.348567 -0.758729
4.77503 0.484782 4.25528 -0.27592 -0.689744
4.78553 0.45404 4.85103 -0.210405 -0.613663
4.79604 0.428596 5.44413 -0.152733 -0.531208
4.80655 0.408023 6.00698 -0.10354 -0.443178
4.81705 0.391964 6.50929 -0.063386 -0.350434
4.82756 0.380136 6.92071 -0.0327422 -0.253897
4.83807 0.372327 7.21404 -0.0119864 -0.154538
4.84857 0.368406 7.36844 -0.00139821 -0.053366
4.85908 0.368316 7.37204 -0.00115387 0.0485786
4.86958 0.37208 7.22362 -0.0113232 0.150237
4.8906 0.391671 6.51905 -0.0626367 0.348424
4.9011 0.407955 6.009 -0.103372 0.442838
4.91161 0.429013 5.43354 -0.153706 0.532757
4.92211 0.455293 4.82437 -0.213162 0.617192
4.93262 0.487329 4.21091 -0.281162 0.695204
4.94313 0.525739 3.61808 -0.357029 0.765913
4.95363 0.571217 3.0649 -0.439995 0.828508
4.96414 0.624515 2.56407 -0.529204 0.882258
4.97464 0.686423 2.12242 -0.623725 0.926521
4.98515 0.757728 1.74176 -0.722556 0.960753
4.99566 0.839164 1.42011 -0.824639 0.984514
#
0 1 1 -1 1
0.00525306 1.00003 0.999945 -1.00003 1
0.0157592 1.00025 0.999503 -1.00025 1
0.0367714 1.00135 0.997299 -1.00135 0.999999
0.0787958 1.00623 0.987659 -1.00621 0.999981
0.162845 1.02687 0.948351 -1.02652 0.999648
0.246894 1.06281 0.885292 -1.06092 0.998143
0.330943 1.1155 0.803636 -1.1093 0.994008
0.414991 1.18693 0.709826 -1.17137 0.985207
0.49904 1.27951 0.610822 -1.24647 0.969149
0.583089 1.39582 0.513266 -1.33348 0.942757
0.667138 1.53806 0.422719 -1.43052 0.902579
0.751187 1.70712 0.343139 -1.53481 0.844973
0.835236 1.90103 0.276709 -1.64239 0.766374
0.919285 2.11283 0.224012 -1.74803 0.663668
1.00333 2.32812 0.184497 -1.84506 0.53467
1.04536 2.43004 0.169346 -1.88791 0.460024
1.08738 2.52317 0.157074 -1.92552 0.378704
1.12941 2.60318 0.147568 -1.95673 0.290965
1.17143 2.6654 0.140759 -1.98035 0.197242
1.21346 2.70519 0.136649 -1.99517 0.0981623
1.2975 2.70108 0.137064 -1.99365 -0.112484
1.33953 2.65148 0.14224 -1.97512 -0.221686
1.38155 2.56884 0.151539 -1.94345 -0.331502
1.42358 2.45449 0.165988 -1.89792 -0.440162
1.4656 2.31173 0.187122 -1.838 -0.545676
1.50763 2.14569 0.217204 -1.76346 -0.645856
1.54965 1.96288 0.259544 -1.67442 -0.738352
1.59168 1.77067 0.318952 -1.57136 -0.820701
1.6337 1.57651 0.40235 -1.45522 -0.890381
1.65471 1.48091 0.455977 -1.39266 -0.919685
1.67573 1.38734 0.519558 -1.32739 -0.94489
1.69674 1.2965 0.594919 -1.25966 -0.965699
1.71775 1.20897 0.684174 -1.18977 -0.981828
1.73876 1.12527 0.789742 -1.11802 -0.993011
1.75977 1.04579 0.914346 -1.04477 -0.998997
1.78079 0.970831 1.06099 -0.970397 -0.999562
1.8018 0.900601 1.23292 -0.895307 -0.994505
1.82281 0.835221 1.4335 -0.819941 -0.983656
1.84382 0.774735 1.66607 -0.744766 -0.966879
1.86484 0.719118 1.93375 -0.67027 -0.944075
1.88585 0.668291 2.23908 -0.596968 -0.915186
1.90686 0.622128 2.58369 -0.52539 -0.880196
1.92787 0.580471 2.96783 -0.456084 -0.83914
1.94888 0.543138 3.38985 -0.389607 -0.792099
1.9699 0.509934 3.84567 -0.326526 -0.739211
1.99091 0.480661 4.32835 -0.267407 -0.680667
2.03293 0.433139 5.33023 -0.163303 -0.547666
2.05395 0.41454 5.81926 -0.119414 -0.473886
2.07496 0.399183 6.27562 -0.0816641 -0.395802
2.09597 0.386952 6.67861 -0.0505447 -0.313902
2.11698 0.377763 7.00748 -0.026511 -0.228734
2.13799 0.371568 7.24309 -0.00997616 -0.1409
2.15901 0.36836 7.36981 -0.00130434 -0.0510586
2.18002 0.368175 7.37719 -0.000803565 0.040081
2.20103 0.371101 7.26133 -0.00871876 0.131763
2.22204 0.377277 7.02552 -0.0252251 0.22319
2.26407 0.400246 6.24231 -0.084325 0.40192
2.28508 0.41764 5.73318 -0.126865 0.487479
2.30609 0.439499 5.17708 -0.17788 0.569314
2.3271 0.466317 4.59873 -0.23711 0.646528
2.34812 0.498675 4.02129 -0.304199 0.718234
2.36913 0.537239 3.46469 -0.378689 0.783564
2.39014 0.58276 2.94456 -0.460021 0.841678
2.41115 0.636059 2.47175 -0.547536 0.891783
2.43217 0.698009 2.05248 -0.640476 0.933136
2.45318 0.769502 1.68881 -0.737989 0.965065
2.47419 0.851404 1.37952 -0.839131 0.986976
2.4952 0.944479 1.12102 -0.942878 0.998367
2.51621 1.04931 0.908228 -1.04813 0.998841
2.53723 1.16616 0.735326 -1.15372 0.988114
2.55824 1.2949 0.596387 -1.25843 0.966029
2.57925 1.43478 0.485771 -1.36101 0.932562
2.60026 1.58434 0.398386 -1.46017 0.887833
2.62128 1.74127 0.329814 -1.55461 0.832108
2.64229 1.90231 0.276336 -1.64307 0.765809
2.6633 2.06323 0.234911 -1.72427 0.689513
2.68431 2.21892 0.203103 -1.79702 0.603953
2.70532 2.36355 0.179007 -1.86017 0.510015
2.72634 2.49092 0.161169 -1.91265 0.408739
2.74735 2.59485 0.148517 -1.95353 0.301301
2.76836 2.66972 0.140303 -1.98197 0.189016
2.78937 2.71098 0.136066 -1.99731 0.0733136
2.81039 2.71562 0.135601 -1.99902 -0.0442695
2.8314 2.68256 0.138963 -1.98677 -0.162112
2.85241 2.61282 0.146481 -1.96043 -0.278527
2.87342 2.50943 0.1588 -1.92006 -0.391786
2.89443 2.37724 0.176951 -1.86594 -0.500146
2.91545 2.22241 0.202466 -1.79859 -0.601875
2.93646 2.05185 0.237526 -1.71874 -0.695279
2.95747 1.87264 0.285162 -1.62735 -0.778738
2.97848 1.69147 0.34952 -1.5256 -0.850734
2.9995 1.51418 0.436158 -1.41488 -0.909878
3.02051 1.34551 0.552365 -1.29677 -0.954948
3.03101 1.26554 0.624376 -1.2355 -0.971874
3.04152 1.18894 0.707428 -1.17306 -0.984911
3.05203 1.11594 0.803009 -1.10969 -0.993965
3.06253 1.04672 0.912726 -1.04566 -0.998957
3.07304 0.981391 1.03828 -0.981216 -0.999824
3.08354 0.92001 1.18145 -0.91663 -0.996519
3.09405 0.862581 1.344 -0.852174 -0.989013
3.10456 0.809066 1.52768 -0.788125 -0.977297
3.11506 0.759392 1.73408 -0.724762 -0.961376
3.12557 0.713457 1.96456 -0.662366 -0.941278
3.13607 0.671138 2.22012 -0.601219 -0.917046
3.14658 0.632295 2.50127 -0.5416 -0.888746
3.15709 0.596778 2.80786 -0.483789 -0.856462
3.16759 0.56443 3.13892 -0.42806 -0.820296
3.18861 0.508608 3.86575 -0.323922 -0.73683
3.20962 0.463597 4.65284 -0.231261 -0.639563
3.23063 0.428273 5.45204 -0.152005 -0.530004
3.25164 0.401676 6.19794 -0.0878916 -0.409949
3.27265 0.383056 6.81516 -0.040425 -0.281453
3.28316 0.376563 7.0522 -0.0233301 -0.214746
3.30417 0.369 7.34424 -0.00304182 -0.0779384
3.32518 0.368571 7.36137 -0.00187703 0.0612417
3.3462 0.375395 7.09614 -0.0202247 0.200101
3.36721 0.389883 6.57859 -0.0580901 0.335866
3.38822 0.412747 5.86993 -0.115079 0.46574
3.40923 0.445029 5.0492 -0.190385 0.586961
3.43025 0.488115 4.19717 -0.282795 0.696862
3.45126 0.543727 3.3825 -0.390692 0.792934
3.47227 0.6139 2.65341 -0.512077 0.872887
3.49328 0.70089 2.03564 -0.644595 0.934713
3.51429 0.807006 1.53549 -0.785576 0.976741
3.5248 0.867907 1.32756 -0.85833 0.989914
3.53531 0.934334 1.1455 -0.932078 0.997691
3.54581 1.00644 0.98724 -1.00642 0.999979
3.55632 1.08431 0.85053 -1.08095 0.996718
3.56683 1.16794 0.733091 -1.15524 0.987876
3.57733 1.2572 0.632695 -1.22888 0.973454
3.58784 1.35181 0.547227 -1.30145 0.953483
3.59834 1.45137 0.474729 -1.37251 0.92803
3.60885 1.55526 0.413424 -1.44164 0.897192
3.61936 1.66269 0.361725 -1.50844 0.8611
3.62986 1.77266 0.318236 -1.57248 0.819918
3.64037 1.88396 0.281744 -1.63338 0.773843
3.65087 1.99519 0.251206 -1.69074 0.723102
3.66138 2.10476 0.225734 -1.7442 0.667957
3.67189 2.21091 0.204578 -1.7934 0.608696
3.6929 2.40546 0.172823 -1.87774 0.479132
3.71391 2.56357 0.152163 -1.9414 0.337285
3.73492 2.67105 0.140164 -1.98247 0.186418
3.75594 2.71705 0.135458 -1.99955 0.0301109
3.77695 2.69608 0.137574 -1.9918 -0.127817
3.79796 2.60909 0.1469 -1.959 -0.283395
3.81897 2.4635 0.164776 -1.90158 -0.432606
3.82948 2.37251 0.177658 -1.86395 -0.50358
3.85049 2.16368 0.213606 -1.77181 -0.635851
3.8715 1.93277 0.267694 -1.65896 -0.752182
3.88201 1.81406 0.303877 -1.59557 -0.803306
3.89251 1.6956 0.347817 -1.52804 -0.84922
3.90302 1.57901 0.401081 -1.4568 -0.889572
3.91353 1.46563 0.465534 -1.38229 -0.924044
3.92403 1.35661 0.543364 -1.30499 -0.952356
3.93454 1.25283 0.637107 -1.22541 -0.974264
3.94505 1.15497 0.749648 -1.14408 -0.989567
3.95555 1.06347 0.884201 -1.06154 -0.998105
3.96606 0.978583 1.04425 -0.978351 -0.999766
3.97656 0.900411 1.23344 -0.895096 -0.994482
3.98707 0.828909 1.45541 -0.812355 -0.982237
3.99758 0.763925 1.71356 -0.730714 -0.96306
4.00808 0.705224 2.01069 -0.65076 -0.937033
4.01859 0.652513 2.34867 -0.573076 -0.904287
4.02909 0.605461 2.7279 -0.498234 -0.865004
4.0396 0.563717 3.14686 -0.426797 -0.819413
4.05011 0.526927 3.60163 -0.359307 -0.767797
4.06061 0.494744 4.08544 -0.296285 -0.710482
4.08163 0.442904 5.09778 -0.185597 -0.5803
4.09213 0.422666 5.59765 -0.138826 -0.508311
4.10264 0.405882 6.07017 -0.0983071 -0.432377
4.11314 0.392346 6.49623 -0.0643893 -0.353033
4.12365 0.38189 6.85682 -0.0373781 -0.270849
4.13416 0.374385 7.13449 -0.0175299 -0.18642
4.14466 0.369742 7.31481 -0.00504979 -0.10037
4.15517 0.367912 7.38774 -8.89776e-05 -0.0133397
4.16567 0.36889 7.34864 -0.00274264 0.0740119
4.18669 0.379456 6.94507 -0.0309841 0.246998
4.2077 0.402267 6.17976 -0.08936 0.413201
4.2182 0.418724 5.70355 -0.129456 0.492091
4.22871 0.43889 5.19144 -0.176495 0.567308
4.23922 0.463085 4.66314 -0.230155 0.638231
4.24972 0.491674 4.13662 -0.290061 0.704263
4.26023 0.525071 3.62714 -0.355778 0.764839
4.27074 0.563731 3.1467 -0.426823 0.819431
4.29175 0.65883 2.30385 -0.58271 0.908773
4.30225 0.716305 1.94896 -0.666351 0.942697
4.31276 0.781081 1.63911 -0.752924 0.968996
4.32327 0.853626 1.37235 -0.841738 0.987397
4.33377 0.93433 1.14551 -0.932074 0.99769
4.34428 1.02346 0.954675 -1.02319 0.999731
4.35478 1.12113 0.795588 -1.11434 0.993442
4.36529 1.22721 0.663991 -1.20474 0.978816
4.3758 1.34131 0.555833 -1.29364 0.955915
4.3863 1.46268 0.467411 -1.38027 0.924874
4.39681 1.59023 0.39544 -1.46388 0.885899
4.40731 1.72241 0.337077 -1.54372 0.839265
4.41782 1.85724 0.289911 -1.61909 0.78532
4.42833 1.99232 0.251931 -1.6893 0.724476
4.43883 2.12486 0.221483 -1.7537 0.657213
4.44934 2.25174 0.197226 -1.8117 0.584071
4.45985 2.36964 0.178088 -1.86274 0.505649
4.47035 2.47519 0.163224 -1.90632 0.4226
4.48086 2.56509 0.151982 -1.942 0.335626
4.49136 2.63637 0.143875 -1.9694 0.245472
4.50187 2.6865 0.138557 -1.98824 0.15292
4.51238 2.71359 0.135804 -1.99827 0.0587842
4.53339 2.695 0.137684 -1.9914 -0.130877
4.5544 2.58193 0.150006 -1.94854 -0.316662
4.56491 2.49402 0.160768 -1.9139 -0.405949
4.57541 2.38873 0.175253 -1.87076 -0.491704
4.58592 2.26932 0.194182 -1.81948 -0.57311
4.59642 2.13927 0.218508 -1.76047 -0.649378
4.60693 2.00215 0.249463 -1.69422 -0.719761
4.61744 1.86138 0.288621 -1.62132 -0.783557
4.62794 1.72013 0.337968 -1.5424 -0.840119
4.63845 1.58118 0.399977 -1.45817 -0.888863
4.64896 1.44687 0.477685 -1.3694 -0.92927
4.65946 1.31904 0.574758 -1.2769 -0.960898
4.66997 1.19906 0.695529 -1.18154 -0.983383
4.68047 1.08786 0.844987 -1.08422 -0.996447
4.69098 0.985959 1.02868 -0.98586 -0.9999
4.70149 0.893526 1.25252 -0.88742 -0.993643
4.71199 0.810471 1.52239 -0.78986 -0.977671
4.7225 0.736492 1.84359 -0.694143 -0.952078
4.733 0.671143 2.22009 -0.601227 -0.91705
4.74351 0.613883 2.65356 -0.51205 -0.872871
4.75402 0.564127 3.14229 -0.427524 -0.819922
4.76452 0.521277 3.68013 -0.348527 -0.758671
4.77503 0.484754 4.25556 -0.275886 -0.689681
4.78553 0.454016 4.85129 -0.210378 -0.613593
4.79604 0.428576 5.44434 -0.152712 -0.531134
4.80655 0.408006 6.00712 -0.103527 -0.443099
4.81705 0.391951 6.50933 -0.0633815 -0.350351
4.82756 0.380126 6.92064 -0.0327462 -0.253811
4.83807 0.37232 7.21384 -0.0119993 -0.15445
4.84857 0.368402 7.3681 -0.00142018 -0.0532762
4.85908 0.368316 7.37156 -0.00118504 0.048669
4.86958 0.372084 7.22302 -0.0113636 0.150327
4.8906 0.391682 6.51827 -0.0626952 0.348511
4.9011 0.40797 6.00817 -0.10344 0.442921
4.91161 0.429034 5.43271 -0.153781 0.532836
4.92211 0.45532 4.82355 -0.213245 0.617265
4.93262 0.487362 4.21014 -0.281252 0.695271
4.94313 0.525779 3.61737 -0.357127 0.765973
4.95363 0.571265 3.06425 -0.440098 0.828559
4.96414 0.624573 2.5635 -0.529312 0.8823
4.97464 0.68649 2.12193 -0.623837 0.926553
4.98515 0.757804 1.74135 -0.722671 0.960775
4.99566 0.839252 1.41976 -0.824756 0.984525
