1p|def|Tolerance for RKM_auto with p = 2|x|y - y1
0 0
0.00015874 1.28518e-15
0.00047622 3.79178e-14
0.00111118 7.4493e-13
0.0023811 1.30205e-11
0.00492094 2.1715e-10
0.0100006 3.54481e-09
0.02016 5.72682e-08
0.0404787 9.1992e-07
0.0607975 2.28611e-06
0.0811162 4.15361e-06
0.101435 4.7361e-06
0.111594 5.0742e-06
0.121754 5.44337e-06
0.131913 5.84342e-06
0.142072 6.2742e-06
0.152232 6.73548e-06
0.162391 7.22704e-06
0.172551 7.74862e-06
0.18271 8.29995e-06
0.192869 8.8807e-06
0.203029 9.49054e-06
0.213188 1.01291e-05
0.223347 1.07959e-05
0.233507 1.14907e-05
0.243666 1.22128e-05
0.253826 1.29618e-05
0.263985 1.37372e-05
0.274144 1.45383e-05
0.284304 1.53647e-05
0.294463 1.62156e-05
0.304622 1.70904e-05
0.314782 1.79885e-05
0.324941 1.89091e-05
0.3351 1.98516e-05
0.34526 2.08153e-05
0.355419 2.17996e-05
0.365579 2.28037e-05
0.375738 2.3827e-05
0.385897 2.4869e-05
0.396057 2.59292e-05
0.406216 2.70071e-05
0.416375 2.81024e-05
0.426535 2.92149e-05
0.436694 3.03445e-05
0.446854 3.14914e-05
0.457013 3.26559e-05
0.467172 3.38385e-05
0.477332 3.504e-05
0.487491 3.62617e-05
0.49765 3.75051e-05
0.50781 3.87718e-05
0.517969 4.00644e-05
0.528129 4.13855e-05
0.538288 4.27385e-05
0.548447 4.41271e-05
0.558607 4.55557e-05
0.568766 4.70294e-05
0.578925 4.85539e-05
0.589085 5.01353e-05
0.599244 5.17808e-05
0.609403 5.3498e-05
0.619563 5.5295e-05
0.629722 5.7181e-05
0.639882 5.91653e-05
0.650041 6.12579e-05
0.6602 6.34694e-05
0.67036 6.58106e-05
0.680519 6.82925e-05
0.690678 7.09234e-05
0.700838 7.37197e-05
0.710997 7.66903e-05
0.721157 7.98461e-05
0.731316 8.31978e-05
0.741475 8.50581e-05
0.746555 8.60291e-05
0.751635 8.70281e-05
0.756714 8.80556e-05
0.761794 8.9112e-05
0.766874 9.01979e-05
0.771953 9.13135e-05
0.777033 9.24594e-05
0.782113 9.3636e-05
0.787192 9.48435e-05
0.792272 9.60822e-05
0.797352 9.73526e-05
0.802431 9.86548e-05
0.807511 9.99891e-05
0.812591 0.000101356
0.817671 0.000102754
0.82275 0.000104186
0.82783 0.00010565
0.83291 0.000107146
0.837989 0.000108675
0.843069 0.000110236
0.848149 0.00011183
0.853228 0.000113456
0.858308 0.000115114
0.863388 0.000116803
0.868467 0.000118524
0.873547 0.000120275
0.878627 0.000122058
0.883706 0.00012387
0.888786 0.000125711
0.893866 0.000127582
0.898946 0.000129481
0.904025 0.000131407
0.909105 0.000133359
0.914185 0.000135338
0.919264 0.000137341
0.924344 0.000139369
0.929424 0.000141418
0.934503 0.00014349
0.939583 0.000145582
0.944663 0.000147694
0.949742 0.000149839
0.954822 0.000151986
0.959902 0.000154149
0.964981 0.000156326
0.970061 0.000158514
0.975141 0.000160713
0.98022 0.000162921
0.9853 0.000165135
0.99038 0.000167354
0.99546 0.000169576
1.00054 0.000171799
1.00562 0.000174021
1.0107 0.000176239
1.01578 0.000178451
1.02086 0.000180656
1.02594 0.00018285
1.03102 0.000185031
1.0361 0.000187196
1.04118 0.000189344
1.04626 0.00019147
1.05134 0.000193574
1.05642 0.00019565
1.0615 0.000197698
1.06658 0.000199714
1.07165 0.000201695
1.07673 0.000203637
1.08181 0.000205539
1.08689 0.000207396
1.09197 0.000209206
1.09705 0.000210966
1.10213 0.000212672
1.10721 0.000214321
1.11229 0.000215911
1.11737 0.000217436
1.12245 0.000218896
1.12753 0.000220285
1.13261 0.000221601
1.13769 0.000222841
1.14277 0.000224001
1.14785 0.000225079
1.15293 0.000226071
1.15801 0.000226973
1.16309 0.000227784
1.16817 0.0002285
1.17325 0.000229117
1.17833 0.000229633
1.18341 0.000230014
1.18849 0.000230316
1.19357 0.000230509
1.19865 0.00023059
1.20373 0.000230557
1.20881 0.000230407
1.21389 0.000230139
1.21897 0.00022975
1.22405 0.000229238
1.22913 0.000228602
1.2342 0.000227841
1.23928 0.000226953
1.24436 0.000225937
1.24944 0.000224792
1.25452 0.000223518
1.2596 0.000222115
1.26468 0.000220582
1.26976 0.00021892
1.27484 0.000217128
1.27992 0.000215209
1.285 0.000213162
1.29008 0.000210991
1.30024 0.000207685
1.3104 0.000203525
1.32056 0.000198543
1.33072 0.000192167
1.3358 0.000188847
1.34088 0.00018545
1.34596 0.000181983
1.35104 0.000178454
1.35612 0.000174874
1.3612 0.000171253
1.36628 0.000167603
1.37136 0.000163937
1.37644 0.000160268
1.38152 0.000156613
1.3866 0.000152986
1.39167 0.000149406
1.39675 0.000145893
1.40183 0.000142499
1.40691 0.000139185
1.41199 0.000136004
1.41707 0.000132981
1.42215 0.000130142
1.42723 0.000127514
1.43231 0.000125124
1.43739 0.000122999
1.44247 0.000121166
1.44755 0.000119649
1.45263 0.000118471
1.45771 0.000117651
1.46279 0.000117205
1.46787 0.000117145
1.47295 0.000117474
1.47803 0.000118196
1.48311 0.000119304
1.48819 0.00012079
1.49327 0.00012264
1.49835 0.000124836
1.50343 0.000127358
1.50851 0.000130183
1.51359 0.000133287
1.51867 0.000136645
1.52375 0.000140233
1.52883 0.000144026
1.53391 0.000148
1.53899 0.000152132
1.54407 0.000156401
1.54915 0.000160786
1.55422 0.000165269
1.5593 0.000169832
1.56438 0.00017286
1.56692 0.000174364
1.56946 0.000175859
1.572 0.000177345
1.57454 0.000178821
1.57708 0.000180286
1.57962 0.00018174
1.58216 0.000183181
1.5847 0.000184609
1.58724 0.000186023
1.58978 0.000187423
1.59232 0.000188809
1.59486 0.00019018
1.5974 0.000191536
1.59994 0.000192908
1.60248 0.000194234
1.60502 0.000195544
1.60756 0.000196838
1.6101 0.000198116
1.61264 0.000199378
1.61518 0.000200624
1.61772 0.000201854
1.62026 0.000203068
1.6228 0.000204266
1.62534 0.00020545
1.62788 0.000206618
1.63042 0.000207771
1.63296 0.000208911
1.6355 0.000210036
1.63804 0.000211149
1.64058 0.000212249
1.64312 0.000213337
1.64566 0.000214413
1.6482 0.00021548
1.65074 0.000216537
1.65328 0.000217585
1.65582 0.000218625
1.65836 0.000219659
1.6609 0.000220687
1.66344 0.000221711
1.66598 0.000222731
1.66852 0.000223749
1.67106 0.000224767
1.6736 0.000225786
1.67614 0.000226806
1.67868 0.000227831
1.68122 0.00022886
1.68376 0.000229897
1.6863 0.000230942
1.68884 0.000231997
1.69138 0.000233065
1.69392 0.000234147
1.69646 0.000235245
1.699 0.000236361
1.70154 0.000237497
1.70408 0.000238656
1.70662 0.000239838
1.70916 0.000241048
1.7117 0.000242286
1.71423 0.000243555
1.71677 0.000244858
1.71931 0.000246197
1.72185 0.000247574
1.72439 0.000248991
1.72693 0.000250452
1.72947 0.000251958
1.73201 0.000253513
1.73455 0.000255117
1.73709 0.000256775
1.73963 0.000258489
1.74217 0.00026026
1.74471 0.000262092
1.74725 0.000263986
1.74979 0.000265946
1.75233 0.000267973
1.75487 0.00027007
1.75741 0.000272239
1.75995 0.000274482
1.76249 0.000276801
1.76503 0.000279199
1.76757 0.000281677
1.77011 0.000284236
1.77265 0.00028688
1.77519 0.000289608
1.77773 0.000292424
1.78027 0.000295327
1.78281 0.00029832
1.78535 0.000301385
1.78789 0.000304559
1.79043 0.000307825
1.79297 0.000311184
1.79551 0.000314636
1.79805 0.000318182
1.80059 0.000321821
1.80313 0.000325554
1.80567 0.00032938
1.80821 0.000333299
1.81075 0.00033731
1.81329 0.000341412
1.81583 0.000345605
1.81837 0.000349887
1.82091 0.000354256
1.82345 0.000358712
1.82599 0.000363252
1.82853 0.000367873
1.83107 0.000372575
1.83361 0.000377353
1.83615 0.000382206
1.83869 0.000387131
1.84123 0.000392123
1.84377 0.000397181
1.84631 0.000402299
1.84885 0.000407474
1.85139 0.000412703
1.85393 0.000417979
1.85647 0.0004233
1.85901 0.000428659
1.86155 0.000434052
1.86409 0.000439473
1.86663 0.000444916
1.86917 0.000450376
1.87171 0.000455846
1.87425 0.000461319
1.87678 0.000466789
1.87932 0.000472249
1.88186 0.000477691
1.8844 0.000483108
1.88694 0.000488492
1.88948 0.000493835
1.89202 0.000499127
1.89456 0.000504361
1.8971 0.000509527
1.89964 0.000514616
1.90218 0.000519618
1.90472 0.000524524
1.90726 0.000529323
1.9098 0.000534004
1.91234 0.000538557
1.91488 0.000542972
1.91742 0.000547235
1.91996 0.000551337
1.9225 0.000555265
1.92504 0.000559006
1.92758 0.00056255
1.93012 0.000565882
1.93266 0.00056899
1.9352 0.000571862
1.93774 0.000574483
1.94028 0.000576841
1.94282 0.000578922
1.94536 0.000580712
1.9479 0.000582197
1.95044 0.000583363
1.95298 0.000584196
1.95552 0.000584682
1.95806 0.000584811
1.9606 0.00058456
1.96314 0.00058392
1.96568 0.000582875
1.96822 0.000581413
1.97076 0.00057952
1.9733 0.000577181
1.97584 0.000574384
1.97838 0.000571117
1.98092 0.000567366
1.98346 0.00056312
1.986 0.000558368
1.98854 0.0005531
1.99108 0.000547307
1.99362 0.00054098
1.99616 0.000534114
1.9987 0.000526703
2.00124 0.000518743
2.00378 0.000510236
2.00632 0.000501181
2.00886 0.000491585
2.0114 0.000481457
2.01394 0.000470809
2.01648 0.000459662
2.01902 0.00044804
2.02156 0.000435977
2.0241 0.000423517
2.02664 0.000410714
2.02918 0.000397637
2.03172 0.000384374
2.03426 0.000371032
2.03679 0.000357746
2.03933 0.000344678
2.04187 0.000332031
2.04441 0.000320047
2.04695 0.000309013
2.04949 0.000299266
2.05203 0.000291182
2.05457 0.000285171
2.05711 0.000281647
2.05965 0.000280998
2.06219 0.000283547
2.06473 0.000289517
2.06727 0.000299013
2.06981 0.000312017
2.07235 0.00032841
2.07489 0.000348
2.07743 0.000370557
2.07997 0.000395838
2.08251 0.000423605
2.08505 0.000453639
2.08759 0.000485742
2.09013 0.000519742
2.09267 0.000555487
2.09521 0.000592847
2.09775 0.000631707
2.10029 0.000671969
2.10283 0.000713544
2.10537 0.000756356
2.10791 0.000800334
2.11045 0.000845415
2.11299 0.000891539
2.11553 0.000938652
2.11807 0.000986702
2.12061 0.00103564
2.12315 0.00108542
2.12569 0.00113599
2.12823 0.0011873
2.13077 0.00123932
2.13331 0.001292
2.13585 0.00134529
2.13839 0.00139915
2.14093 0.00145353
2.14347 0.00150838
2.14601 0.00156367
2.14855 0.00161934
2.15109 0.00167535
2.15363 0.00173166
2.15617 0.0017882
2.15871 0.00184495
2.16125 0.00190184
2.16633 0.00201219
2.17141 0.00212424
2.17649 0.00223764
2.18157 0.002352
2.18665 0.00246697
2.19173 0.00258214
2.19681 0.00269711
2.20188 0.00280562
2.20442 0.00285883
2.20696 0.00291127
2.2095 0.0029629
2.21204 0.00301366
2.21458 0.00306351
2.21712 0.00311241
2.21966 0.0031603
2.2222 0.00320714
2.22474 0.00325289
2.22728 0.0032975
2.22982 0.00334095
2.23236 0.00338317
2.2349 0.00342415
2.23744 0.00346383
2.23998 0.00350219
2.24252 0.00353919
2.24506 0.0035748
2.2476 0.00360899
2.25014 0.00364174
2.25268 0.003673
2.25522 0.00370277
2.25776 0.00373102
2.2603 0.00375772
2.26284 0.00378286
2.26538 0.00380643
2.26792 0.0038284
2.27046 0.00384876
2.273 0.0038675
2.27554 0.00388462
2.27808 0.00390011
2.28062 0.00391396
2.28316 0.00392617
2.2857 0.00393674
2.28824 0.00394568
2.29078 0.00395297
2.29332 0.00395864
2.29586 0.00396269
2.2984 0.00396512
2.30094 0.00396595
2.30348 0.0039652
2.30602 0.00396287
2.30856 0.00395898
2.3111 0.00395356
2.31364 0.00394662
2.31618 0.00393818
2.31872 0.00392828
2.32126 0.00391692
2.3238 0.00390415
2.32634 0.00388998
2.32888 0.00387445
2.33142 0.00385759
2.33396 0.00383943
2.3365 0.00382
2.33904 0.00379934
2.34158 0.00377748
2.34412 0.00375446
2.34666 0.00373031
2.3492 0.00370508
2.35174 0.00367879
2.35428 0.0036515
2.35682 0.00362324
2.35935 0.00359404
2.36189 0.00356396
2.36443 0.00353303
2.36697 0.00349851
2.36824 0.00348097
2.36951 0.00346325
2.37078 0.00344536
2.37205 0.00342731
2.37332 0.00340909
2.37459 0.00339072
2.37586 0.0033722
2.37713 0.00335354
2.3784 0.00333474
2.37967 0.0033158
2.38094 0.00329674
2.38221 0.00327755
2.38348 0.00325825
2.38475 0.00323884
2.38602 0.00321932
2.38729 0.0031997
2.38856 0.00317999
2.38983 0.00316019
2.3911 0.0031403
2.39237 0.00312033
2.39364 0.00310029
2.39491 0.00308018
2.39618 0.00306001
2.39745 0.00303978
2.39872 0.0030195
2.39999 0.00299917
2.40126 0.00297879
2.40253 0.00295838
2.4038 0.00293794
2.40507 0.00291746
2.40634 0.00289697
2.40761 0.00287645
2.41015 0.00283747
2.41269 0.00279841
2.41523 0.00275934
2.41777 0.00272027
2.42031 0.00268124
2.42285 0.00264229
2.42539 0.00260346
2.42793 0.00256477
2.43047 0.00252625
2.43301 0.00248794
2.43555 0.00244988
2.43809 0.00241208
2.44063 0.00237458
2.44317 0.0023374
2.44571 0.00230058
2.44825 0.00226414
2.45079 0.00222811
2.45333 0.0021925
2.45587 0.00215736
2.45841 0.00212269
2.46095 0.00208853
2.46349 0.00205489
2.46603 0.00202179
2.46857 0.00198927
2.47111 0.00195733
2.47365 0.00192599
2.47619 0.00189528
2.47873 0.0018652
2.48127 0.00183578
2.48381 0.00180704
2.48635 0.00177898
2.48889 0.00175162
2.49143 0.00172498
2.49397 0.00169906
2.49651 0.00167388
2.49905 0.00164945
2.50159 0.00162577
2.50413 0.00160286
2.50667 0.00158073
2.50921 0.00155937
2.51175 0.0015388
2.51429 0.00151901
2.51683 0.00150003
2.51937 0.00148183
2.5219 0.00146443
2.52444 0.00144783
2.52698 0.00143202
2.52952 0.001417
2.53206 0.00140277
2.5346 0.00138933
2.53714 0.00137666
2.53968 0.00136475
2.54222 0.00135361
2.54476 0.00134322
2.5473 0.00133356
2.54984 0.00132463
2.55238 0.00131641
2.55492 0.00130889
2.55746 0.00130205
2.56 0.00129583
2.56254 0.0012903
2.56508 0.00128539
2.56762 0.00128109
2.57016 0.00127737
2.5727 0.00127422
2.57524 0.00127162
2.57778 0.00126953
2.58032 0.00126794
2.58286 0.00126682
2.5854 0.00126616
2.58794 0.00126591
2.59048 0.00126607
2.59302 0.00126661
2.59556 0.0012675
2.5981 0.00126872
2.60064 0.00127024
2.60318 0.00127203
2.60572 0.00127408
2.60826 0.00127636
2.6108 0.00127884
2.61334 0.00128151
2.61588 0.00128433
2.61842 0.00128728
2.62096 0.00129034
2.6235 0.00129348
2.62604 0.00129669
2.62858 0.00129994
2.63112 0.00130321
2.63366 0.00130647
2.6362 0.00130971
2.63874 0.00131291
2.64128 0.00131603
2.64382 0.00131907
2.64636 0.001322
2.6489 0.0013248
2.65144 0.00132745
2.65398 0.00132994
2.65652 0.00133224
2.65906 0.00133434
2.6616 0.00133622
2.66414 0.00133787
2.66668 0.00133925
2.66922 0.00134037
2.67176 0.0013412
2.6743 0.00134172
2.67684 0.00134193
2.67938 0.00134181
2.68191 0.00134134
2.68445 0.0013405
2.68699 0.0013393
2.68953 0.00133771
2.69207 0.00133573
2.69461 0.00133345
2.69715 0.00133065
2.69969 0.00132742
2.70223 0.00132375
2.70477 0.00131964
2.70731 0.00131508
2.70985 0.00131006
2.71239 0.00130458
2.71493 0.00129863
2.71747 0.00129221
2.72001 0.00128531
2.72255 0.00127794
2.72509 0.0012701
2.72763 0.00126178
2.73017 0.00125299
2.73271 0.00124373
2.73525 0.001234
2.73779 0.00122382
2.74033 0.0012132
2.74287 0.00120213
2.74541 0.00119064
2.74795 0.00117873
2.75049 0.00116643
2.75303 0.00115374
2.75557 0.00114069
2.75811 0.00112731
2.76065 0.0011136
2.76319 0.00109961
2.76573 0.00108536
2.76827 0.00107088
2.77081 0.0010562
2.77335 0.00104137
2.77589 0.00102642
2.77843 0.0010114
2.78097 0.00099635
2.78351 0.000981325
2.78605 0.000966376
2.78859 0.000951561
2.79113 0.000936938
2.79367 0.000922572
2.79621 0.000908528
2.79875 0.000894875
2.80129 0.000881685
2.80383 0.000869031
2.80637 0.000856989
2.80891 0.000845635
2.81145 0.000835045
2.81399 0.000825295
2.81653 0.00081646
2.81907 0.000808609
2.82161 0.000801765
2.82415 0.000796083
2.82669 0.000791571
2.82923 0.000788275
2.83177 0.000786233
2.83431 0.000785474
2.83685 0.000786016
2.83939 0.000787863
2.84193 0.000791014
2.84446 0.00079545
2.847 0.000801148
2.84954 0.00080807
2.85208 0.000816171
2.85462 0.0008254
2.85716 0.000835696
2.8597 0.000846995
2.86224 0.000859228
2.86478 0.000872323
2.86732 0.000886206
2.86986 0.000900801
2.8724 0.000916034
2.87494 0.000931831
2.87748 0.000948119
2.88002 0.000964826
2.88256 0.000981884
2.8851 0.000999227
2.88764 0.00101679
2.89018 0.00103451
2.89272 0.00105234
2.89526 0.00107022
2.8978 0.00108809
2.90034 0.00110591
2.90288 0.00112364
2.90542 0.00114123
2.90796 0.00115865
2.9105 0.00117585
2.91304 0.00119281
2.91558 0.0012095
2.91812 0.00122588
2.92066 0.00124195
2.9232 0.00125766
2.92574 0.00127301
2.92828 0.00128798
2.93082 0.00130256
2.93336 0.00131672
2.9359 0.00133048
2.93844 0.00134381
2.94098 0.00135672
2.94352 0.0013691
2.94606 0.00138115
2.9486 0.00139277
2.95114 0.00140399
2.95368 0.00141479
2.95622 0.00142519
2.95876 0.00143521
2.9613 0.00144485
2.96384 0.00145415
2.96638 0.0014631
2.96892 0.00147175
2.97146 0.00148012
2.974 0.00148822
2.97654 0.00149609
2.97908 0.00150223
2.98035 0.00150524
2.98162 0.00150822
2.98289 0.00151116
2.98416 0.00151408
2.98543 0.00151699
2.9867 0.00151988
2.98797 0.00152276
2.98924 0.00152564
2.99051 0.00152853
2.99178 0.00153143
2.99305 0.00153435
2.99432 0.00153729
2.99559 0.00154026
2.99686 0.00154328
2.99813 0.00154633
2.9994 0.00154944
3.00067 0.00155261
3.00194 0.00155585
3.00321 0.00155916
3.00447 0.00156256
3.00574 0.00156605
3.00701 0.00156963
3.00828 0.00157333
3.00955 0.00157714
3.01082 0.00158107
3.01209 0.00158514
3.01336 0.00158935
3.01463 0.00159371
3.0159 0.00159823
3.01717 0.00160292
3.01844 0.00160779
3.01971 0.00161285
3.02098 0.0016181
3.02225 0.00162356
3.02352 0.00162923
3.02479 0.00163512
3.02606 0.00164126
3.02733 0.00164763
3.0286 0.00165426
3.02987 0.00166115
3.03114 0.00166831
3.03241 0.00167575
3.03368 0.00168348
3.03495 0.00169151
3.03622 0.00169985
3.03749 0.00170851
3.03876 0.0017175
3.04003 0.00172682
3.0413 0.00173648
3.04257 0.0017465
3.04384 0.00175687
3.04511 0.00176762
3.04638 0.00177875
3.04765 0.00179025
3.04892 0.00180216
3.05019 0.00181446
3.05146 0.00182717
3.05273 0.00184029
3.054 0.00185383
3.05527 0.0018678
3.05654 0.0018822
3.05781 0.00189704
3.05908 0.00191233
3.06035 0.00192806
3.06162 0.00194428
3.06289 0.00196093
3.06416 0.00197804
3.06543 0.00199561
3.0667 0.00201366
3.06797 0.00203218
3.06924 0.00205117
3.07051 0.00207064
3.07178 0.00209059
3.07305 0.00211103
3.07432 0.00213195
3.07559 0.00215335
3.07686 0.00217524
3.07813 0.00219761
3.0794 0.00222047
3.08067 0.00224381
3.08194 0.00226764
3.08321 0.00229195
3.08448 0.00231674
3.08575 0.00234201
3.08702 0.00236776
3.08829 0.00239398
3.08956 0.00242068
3.09083 0.00244784
3.0921 0.00247547
3.09337 0.00250355
3.09464 0.0025321
3.09591 0.00256109
3.09718 0.00259053
3.09845 0.0026204
3.09972 0.00265072
3.10099 0.00268145
3.10226 0.00271261
3.10353 0.00274419
3.1048 0.00277616
3.10607 0.00280854
3.10734 0.00284131
3.10861 0.00287445
3.10988 0.00290797
3.11115 0.00294185
3.11242 0.00297608
3.11369 0.00301066
3.11496 0.00304557
3.11623 0.00308079
3.1175 0.00311633
3.11877 0.00315216
3.12004 0.00318828
3.12131 0.00322466
3.12258 0.00326131
3.12385 0.0032982
3.12512 0.00333533
3.12639 0.00337266
3.12766 0.0034102
3.12893 0.00344793
3.1302 0.00348583
3.13147 0.00352388
3.13274 0.00356206
3.13401 0.00360037
3.13528 0.00363878
3.13655 0.00367727
3.13782 0.00371583
3.13909 0.00375444
3.14036 0.00379307
3.14163 0.00383172
3.1429 0.00387035
3.14417 0.00390894
3.14544 0.00394748
3.14671 0.00398595
3.14798 0.00402432
3.14925 0.00406256
3.15052 0.00410066
3.15179 0.00413859
3.15306 0.00417634
3.15433 0.00421386
3.1556 0.00425115
3.15687 0.00428816
3.15814 0.00432489
3.15941 0.0043613
3.16068 0.00439736
3.16195 0.00443306
3.16322 0.00446835
3.16449 0.00450322
3.16575 0.00453764
3.16702 0.00457157
3.16829 0.00460499
3.16956 0.00463787
3.17083 0.00467018
3.1721 0.00470189
3.17337 0.00473297
3.17464 0.00476339
3.17591 0.00479312
3.17718 0.00482213
3.17845 0.00485038
3.17972 0.00487785
3.18099 0.00490451
3.18226 0.00493032
3.18353 0.00495526
3.1848 0.00497928
3.18607 0.00500236
3.18734 0.00502446
3.18861 0.00504556
3.18988 0.00506562
3.19115 0.0050846
3.19242 0.00510249
3.19369 0.00511923
3.19496 0.00513481
3.19623 0.00514919
3.1975 0.00516234
3.19877 0.00517422
3.20004 0.00518481
3.20131 0.00519407
3.20258 0.00520198
3.20385 0.00520849
3.20512 0.00521359
3.20639 0.00521723
3.20766 0.0052194
3.20893 0.00522006
3.2102 0.00521918
3.21147 0.00521674
3.21274 0.0052127
3.21401 0.00520704
3.21528 0.00519973
3.21655 0.00519075
3.21782 0.00518007
3.21909 0.00516767
3.22036 0.00515352
3.22163 0.00513759
3.2229 0.00511988
3.22417 0.00510035
3.22544 0.00507898
3.22671 0.00505576
3.22798 0.00503067
3.22925 0.00500369
3.23052 0.0049748
3.23179 0.00494399
3.23306 0.00491124
3.23433 0.00487655
3.2356 0.00483989
3.23687 0.00480127
3.23814 0.00476067
3.23941 0.00471808
3.24068 0.0046735
3.24195 0.00462692
3.24322 0.00457835
3.24449 0.00452777
3.24576 0.0044752
3.24703 0.00442063
3.2483 0.00436408
3.24957 0.00430553
3.25084 0.00424501
3.25211 0.00418253
3.25338 0.00411809
3.25465 0.00405171
3.25592 0.00398342
3.25719 0.00391322
3.25846 0.00384115
3.25973 0.00376723
3.261 0.00369149
3.26227 0.00361397
3.26354 0.00353469
3.26481 0.00345369
3.26608 0.00337104
3.26735 0.00328676
3.26862 0.00320093
3.26989 0.0031136
3.27116 0.00302483
3.27243 0.00293471
3.2737 0.00284331
3.27497 0.00275074
3.27624 0.0026571
3.27751 0.00256251
3.27878 0.00246711
3.28005 0.00237105
3.28132 0.00227453
3.28259 0.00217774
3.28386 0.00208093
3.28513 0.0019844
3.2864 0.00188849
3.28767 0.0017936
3.29021 0.00161308
3.29275 0.00144303
3.29529 0.00129083
3.29783 0.00116685
3.30037 0.0010841
3.30291 0.00105537
3.30545 0.00108751
3.30799 0.00117749
3.31053 0.00131489
3.31307 0.0014875
3.31561 0.00168501
3.31815 0.0018998
3.32323 0.00236129
3.32577 0.00260145
3.3283 0.0028449
3.33084 0.00309004
3.33338 0.00333558
3.33592 0.00358041
3.33846 0.00382362
3.341 0.00406437
3.34354 0.00430193
3.34608 0.00453563
3.34862 0.00476485
3.35116 0.00498345
3.35243 0.00509049
3.3537 0.00519595
3.35497 0.00529977
3.35624 0.0054019
3.35751 0.00550227
3.35878 0.00560085
3.36005 0.00569757
3.36132 0.0057924
3.36259 0.0058853
3.36386 0.00597621
3.36513 0.00606511
3.3664 0.00615194
3.36767 0.00623668
3.36894 0.00631929
3.37021 0.00639975
3.37148 0.00647801
3.37275 0.00655405
3.37402 0.00662786
3.37529 0.00669939
3.37656 0.00676863
3.37783 0.00683557
3.3791 0.00690018
3.38037 0.00696244
3.38164 0.00702235
3.38291 0.00707988
3.38418 0.00713504
3.38545 0.0071878
3.38672 0.00723817
3.38799 0.00728614
3.38926 0.00733171
3.39053 0.00737487
3.3918 0.00741563
3.39307 0.00745399
3.39434 0.00748995
3.39561 0.00752352
3.39688 0.0075547
3.39815 0.00758351
3.39942 0.00760996
3.40069 0.00763405
3.40196 0.0076558
3.40323 0.00767524
3.4045 0.00769236
3.40577 0.0077072
3.40704 0.00771978
3.40831 0.0077301
3.40958 0.00773821
3.41085 0.00774411
3.41212 0.00774784
3.41339 0.00774942
3.41466 0.00774887
3.41593 0.00774624
3.4172 0.00774154
3.41847 0.00773481
3.41974 0.00772608
3.42101 0.00771538
3.42228 0.00770275
3.42355 0.00768822
3.42482 0.00767182
3.42609 0.0076536
3.42736 0.00763358
3.42863 0.00761181
3.4299 0.00758832
3.43117 0.00756316
3.43244 0.00753636
3.43371 0.00750796
3.43498 0.007478
3.43625 0.00744652
3.43752 0.00741357
3.43879 0.00737919
3.44006 0.00734341
3.44133 0.00730628
3.4426 0.00726784
3.44387 0.00722813
3.44514 0.00718721
3.44641 0.0071451
3.44768 0.00710185
3.44895 0.0070575
3.45022 0.00701211
3.45149 0.0069657
3.45276 0.00691833
3.45403 0.00687003
3.4553 0.00682085
3.45657 0.00677082
3.45784 0.00672
3.45911 0.00666843
3.46038 0.00661613
3.46165 0.00656317
3.46292 0.00650957
3.46419 0.00645537
3.46546 0.00640063
3.46673 0.00634537
3.468 0.00628964
3.46927 0.00623348
3.47054 0.00617692
3.47181 0.00612
3.47308 0.00606277
3.47435 0.00600525
3.47562 0.00594748
3.47689 0.00588951
3.47816 0.00583136
3.47943 0.00577307
3.4807 0.00571468
3.48197 0.00565622
3.48324 0.00559771
3.48451 0.00553921
3.48578 0.00548073
3.48705 0.00542231
3.48831 0.00536398
3.48958 0.00530576
3.49085 0.0052477
3.49212 0.00518982
3.49339 0.00513214
3.49466 0.0050747
3.49593 0.00501752
3.4972 0.00496063
3.49847 0.00490405
3.49974 0.0048478
3.50101 0.00479193
3.50228 0.00473644
3.50355 0.00468136
3.50482 0.00462672
3.50609 0.00457253
3.50736 0.00451883
3.50863 0.00446562
3.5099 0.00441293
3.51117 0.00436077
3.51244 0.00430918
3.51371 0.00425816
3.51498 0.00420773
3.51625 0.00415791
3.51752 0.00410872
3.51879 0.00406018
3.52006 0.00401229
3.52133 0.00396507
3.5226 0.00391855
3.52387 0.00387272
3.52514 0.0038276
3.52641 0.00378321
3.52768 0.00373956
3.52895 0.00369666
3.53022 0.00365451
3.53149 0.00361314
3.53276 0.00357254
3.53403 0.00353272
3.5353 0.0034937
3.53657 0.00345549
3.53784 0.00341808
3.53911 0.00338148
3.54038 0.0033457
3.54165 0.00331075
3.54292 0.00327662
3.54419 0.00324333
3.54546 0.00321087
3.54673 0.00317924
3.548 0.00314846
3.54927 0.00311851
3.55054 0.0030894
3.55181 0.00306112
3.55308 0.00303368
3.55435 0.00300708
3.55562 0.00298131
3.55689 0.00295636
3.55816 0.00293224
3.55943 0.00290893
3.5607 0.00288644
3.56197 0.00286475
3.56324 0.00284387
3.56451 0.00282377
3.56578 0.00280446
3.56705 0.00278592
3.56832 0.00276815
3.56959 0.00275113
3.57086 0.00273486
3.57213 0.00271932
3.5734 0.0027045
3.57467 0.00269039
3.57594 0.00267697
3.57721 0.00266424
3.57848 0.00265217
3.57975 0.00264075
3.58102 0.00262998
3.58229 0.00261983
3.58356 0.00261028
3.58483 0.00260133
3.5861 0.00259295
3.58737 0.00258513
3.58864 0.00257785
3.58991 0.0025711
3.59118 0.00256486
3.59245 0.0025591
3.59372 0.00255382
3.59499 0.00254899
3.59626 0.0025446
3.59753 0.00254063
3.5988 0.00253706
3.60007 0.00253388
3.60134 0.00253114
3.60261 0.00252867
3.60388 0.00252653
3.60515 0.00252471
3.60642 0.00252318
3.60769 0.00252192
3.60896 0.00252093
3.61023 0.00252018
3.6115 0.00251965
3.61277 0.00251933
3.61404 0.00251921
3.61531 0.00251926
3.61658 0.00251946
3.61785 0.00251981
3.61912 0.00252029
3.62039 0.00252088
3.62166 0.00252156
3.62293 0.00252232
3.6242 0.00252315
3.62547 0.00252402
3.62674 0.00252493
3.62801 0.00252586
3.62928 0.0025268
3.63055 0.00252773
3.63182 0.00252864
3.63309 0.00252951
3.63436 0.00253034
3.63563 0.0025311
3.6369 0.00253179
3.63817 0.0025324
3.63944 0.00253291
3.64071 0.00253331
3.64198 0.00253358
3.64325 0.00253373
3.64452 0.00253373
3.64579 0.00253357
3.64706 0.00253325
3.64833 0.00253276
3.64959 0.00253207
3.65086 0.0025312
3.65213 0.00253011
3.6534 0.00252882
3.65467 0.00252729
3.65594 0.00252554
3.65721 0.00252354
3.65848 0.0025213
3.65975 0.00251879
3.66102 0.00251603
3.66229 0.00251298
3.66356 0.00250966
3.66483 0.00250606
3.6661 0.00250215
3.66737 0.00249795
3.66864 0.00249345
3.66991 0.00248863
3.67118 0.00248349
3.67245 0.00247803
3.67372 0.00247225
3.67499 0.00246613
3.67626 0.00245968
3.67753 0.00245288
3.6788 0.00244575
3.68007 0.00243827
3.68134 0.00243044
3.68261 0.00242225
3.68388 0.00241372
3.68515 0.00240483
3.68642 0.00239558
3.68769 0.00238597
3.68896 0.00237601
3.69023 0.00236569
3.6915 0.00235501
3.69277 0.00234398
3.69404 0.00233258
3.69531 0.00232084
3.69658 0.00230874
3.69912 0.00228563
3.70166 0.0022609
3.7042 0.0022349
3.70674 0.00220752
3.70928 0.00217882
3.71182 0.00214887
3.71436 0.00211772
3.7169 0.00208548
3.71944 0.00205225
3.72198 0.00201813
3.72452 0.00198326
3.72706 0.00194778
3.7296 0.00191185
3.73214 0.00187564
3.73468 0.00183936
3.73722 0.00180321
3.73976 0.00176742
3.7423 0.00173224
3.74484 0.00169793
3.74738 0.00166479
3.74992 0.0016331
3.75246 0.00160317
3.755 0.00157533
3.75754 0.00154988
3.76008 0.00152716
3.76262 0.00150746
3.76516 0.00149107
3.7677 0.00147825
3.77024 0.00146923
3.77278 0.00146417
3.77532 0.00146322
3.77786 0.00146643
3.7804 0.00147382
3.78294 0.00148533
3.78548 0.00150084
3.78802 0.00152021
3.79056 0.00154321
3.7931 0.0015696
3.79564 0.00159912
3.79818 0.00163136
3.80072 0.0016662
3.80326 0.00170324
3.8058 0.00174218
3.80834 0.00178271
3.81087 0.00182452
3.81341 0.00186735
3.81595 0.00191092
3.81849 0.00195498
3.82103 0.00199929
3.82357 0.00204156
3.82484 0.0020626
3.82611 0.00208354
3.82738 0.00210436
3.82865 0.00212504
3.82992 0.00214556
3.83119 0.0021659
3.83246 0.00218604
3.83373 0.00220597
3.835 0.00222567
3.83627 0.00224511
3.83754 0.0022643
3.83881 0.00228322
3.84008 0.00230184
3.84135 0.00232017
3.84262 0.0023382
3.84389 0.0023559
3.84516 0.00237327
3.84643 0.00239031
3.8477 0.00240701
3.84897 0.00242336
3.85024 0.00243935
3.85151 0.00245498
3.85278 0.00247025
3.85405 0.00248515
3.85532 0.00249969
3.85659 0.00251385
3.85786 0.00252764
3.85913 0.00254105
3.8604 0.0025541
3.86167 0.00256678
3.86294 0.00257908
3.86421 0.00259102
3.86548 0.0026026
3.86675 0.00261382
3.86802 0.00262469
3.86929 0.00263521
3.87056 0.00264539
3.87183 0.00265523
3.8731 0.00266475
3.87437 0.00267395
3.87564 0.00268285
3.87691 0.00269144
3.87818 0.00269975
3.87945 0.00270778
3.88072 0.00271555
3.88199 0.00272307
3.88326 0.00273035
3.88453 0.00273741
3.8858 0.00274425
3.88707 0.00275091
3.88834 0.00275739
3.88961 0.00276372
3.89088 0.0027699
3.89215 0.00277608
3.89342 0.00278205
3.89469 0.00278793
3.89596 0.00279376
3.89723 0.00279955
3.8985 0.00280533
3.89977 0.00281111
3.90104 0.00281693
3.90231 0.0028228
3.90358 0.00282876
3.90485 0.00283484
3.90612 0.00284104
3.90739 0.00284742
3.90866 0.00285399
3.90993 0.00286079
3.9112 0.00286784
3.91247 0.00287517
3.91374 0.00288282
3.91501 0.00289082
3.91628 0.0028992
3.91755 0.002908
3.91882 0.00291724
3.92009 0.00292697
3.92136 0.00293721
3.92263 0.002948
3.9239 0.00295938
3.92517 0.00297138
3.92644 0.00298404
3.92771 0.00299739
3.92898 0.00301146
3.93025 0.0030263
3.93152 0.00304194
3.93279 0.00305841
3.93406 0.00307575
3.93533 0.003094
3.9366 0.00311318
3.93787 0.00313333
3.93914 0.00315449
3.94041 0.00317668
3.94168 0.00319994
3.94295 0.0032243
3.94422 0.00324979
3.94549 0.00327643
3.94676 0.00330425
3.94803 0.00333329
3.9493 0.00336356
3.95057 0.00339508
3.95184 0.00342789
3.95311 0.003462
3.95438 0.00349744
3.95565 0.00353421
3.95692 0.00357234
3.95819 0.00361184
3.95946 0.00365272
3.96073 0.003695
3.962 0.00373868
3.96327 0.00378378
3.96454 0.0038303
3.96581 0.00387825
3.96708 0.00392762
3.96835 0.00397842
3.96962 0.00403066
3.97089 0.00408432
3.97215 0.0041394
3.97342 0.0041959
3.97469 0.00425382
3.97596 0.00431313
3.97723 0.00437384
3.9785 0.00443592
3.97977 0.00449937
3.98104 0.00456417
3.98231 0.0046303
3.98358 0.00469774
3.98485 0.00476645
3.98612 0.00483645
3.98739 0.00490769
3.98866 0.00498014
3.98993 0.00505379
3.9912 0.00512859
3.99247 0.00520452
3.99374 0.00528154
3.99501 0.00535962
3.99628 0.00543872
3.99755 0.0055188
3.99882 0.00559982
4.00009 0.00568174
4.00136 0.00576451
4.00263 0.00584809
4.0039 0.00593243
4.00517 0.00601747
4.00644 0.00610317
4.00771 0.00618947
4.00898 0.00627631
4.01025 0.00636364
4.01152 0.00645139
4.01279 0.00653951
4.01406 0.00662793
4.01533 0.00671657
4.0166 0.00680539
4.01787 0.00689429
4.01914 0.00698322
4.02041 0.00707209
4.02168 0.00716083
4.02295 0.00724936
4.02422 0.0073376
4.02549 0.00742547
4.02676 0.00751288
4.02803 0.00759975
4.0293 0.00768599
4.03057 0.0077715
4.03184 0.0078562
4.03311 0.00793999
4.03438 0.00802277
4.03565 0.00810445
4.03692 0.00818493
4.03819 0.00826411
4.03946 0.00834188
4.04073 0.00841814
4.042 0.00849279
4.04327 0.00856572
4.04454 0.00863683
4.04581 0.00870599
4.04708 0.00877311
4.04835 0.00883807
4.04962 0.00890077
4.05089 0.00896108
4.05216 0.0090189
4.05343 0.00907411
4.0547 0.0091266
4.05597 0.00917626
4.05724 0.00922297
4.05851 0.00926662
4.05978 0.00930709
4.06105 0.00934428
4.06232 0.00937806
4.06359 0.00940834
4.06486 0.00943499
4.06613 0.00945791
4.0674 0.00947698
4.06867 0.00949211
4.06994 0.00950319
4.07121 0.00951011
4.07248 0.00951277
4.07375 0.00951108
4.07502 0.00950493
4.07629 0.00949424
4.07756 0.0094789
4.07883 0.00945884
4.0801 0.00943397
4.08137 0.0094042
4.08264 0.00936946
4.08391 0.00932968
4.08518 0.00928478
4.08645 0.0092347
4.08772 0.00917938
4.08899 0.00911876
4.09026 0.00905279
4.09153 0.00898143
4.0928 0.00890464
4.09407 0.00882238
4.09534 0.00873462
4.09661 0.00864134
4.09788 0.00854252
4.09915 0.00843816
4.10042 0.00832826
4.10169 0.00821281
4.10296 0.00809183
4.10423 0.00796534
4.1055 0.00783338
4.10677 0.00769597
4.10804 0.00755317
4.10931 0.00740502
4.11058 0.00725161
4.11185 0.00709299
4.11312 0.00692927
4.11439 0.00676053
4.11566 0.0065869
4.11693 0.0064085
4.1182 0.00622547
4.11947 0.00603797
4.12074 0.00584619
4.12201 0.00565032
4.12328 0.0054506
4.12455 0.00524726
4.12582 0.00504062
4.12709 0.00483099
4.12836 0.00461876
4.12963 0.00440437
4.1309 0.00418834
4.13217 0.00397127
4.13343 0.0037539
4.1347 0.00353712
4.13597 0.00332202
4.13724 0.00310993
4.13851 0.00290256
4.13978 0.00270205
4.14105 0.00251111
4.14232 0.00233319
4.14359 0.00217256
4.14486 0.0020344
4.14613 0.00192459
4.14867 0.00181465
4.15121 0.00186969
4.15375 0.0020816
4.15629 0.00241204
4.15883 0.00282058
4.16137 0.00327773
4.16391 0.00376438
4.16645 0.00426824
4.16899 0.00478106
4.17153 0.00529131
4.1728 0.00554565
4.17407 0.00579885
4.17534 0.00605049
4.17661 0.00630021
4.17788 0.00654766
4.17915 0.00679254
4.18042 0.00703455
4.18169 0.00727342
4.18296 0.0075089
4.18423 0.00774076
4.1855 0.00796876
4.18677 0.0081927
4.18804 0.00841238
4.18931 0.00862761
4.19058 0.00883821
4.19185 0.00904403
4.19312 0.00924489
4.19439 0.00944067
4.19566 0.00963121
4.19693 0.0098164
4.1982 0.00999611
4.19947 0.0101702
4.20074 0.0103387
4.20201 0.0105013
4.20328 0.0106581
4.20455 0.010809
4.20582 0.0109538
4.20709 0.0110926
4.20836 0.0112252
4.20963 0.0113517
4.2109 0.011472
4.21217 0.011586
4.21344 0.0116938
4.21471 0.0117954
4.21598 0.0118907
4.21725 0.0119797
4.21852 0.0120624
4.21979 0.012139
4.22106 0.0122093
4.22233 0.0122734
4.2236 0.0123314
4.22487 0.0123833
4.22614 0.0124291
4.22741 0.0124689
4.22868 0.0125028
4.22995 0.0125309
4.23122 0.0125531
4.23249 0.0125696
4.23376 0.0125804
4.23503 0.0125857
4.2363 0.0125856
4.23757 0.0125801
4.23884 0.0125693
4.24011 0.0125533
4.24138 0.0125323
4.24265 0.0125064
4.24392 0.0124756
4.24519 0.0124401
4.24646 0.0124001
4.24773 0.0123555
4.249 0.0123066
4.25027 0.0122535
4.25154 0.0121963
4.25281 0.0121352
4.25408 0.0120702
4.25535 0.0120016
4.25662 0.0119294
4.25789 0.0118538
4.25916 0.0117748
4.26043 0.0116928
4.2617 0.0116077
4.26297 0.0115198
4.26424 0.0114291
4.26551 0.0113358
4.26678 0.0112401
4.26805 0.011142
4.26932 0.0110417
4.27059 0.0109394
4.27186 0.0108352
4.27313 0.0107291
4.2744 0.0106214
4.27567 0.0105121
4.27694 0.0104015
4.27821 0.0102895
4.27948 0.0101764
4.28075 0.0100623
4.28202 0.00994724
4.28329 0.00983139
4.28456 0.00971485
4.28583 0.00959775
4.2871 0.0094802
4.28837 0.0093623
4.28964 0.00924416
4.29091 0.00912589
4.29218 0.0090076
4.29345 0.00888937
4.29471 0.00877131
4.29598 0.00865352
4.29725 0.00853609
4.29852 0.0084191
4.29979 0.00830265
4.30106 0.00818682
4.30233 0.0080717
4.3036 0.00795736
4.30487 0.00784389
4.30614 0.00773135
4.30741 0.00761983
4.30868 0.00750939
4.30995 0.00740011
4.31122 0.00729203
4.31249 0.00718524
4.31376 0.00707979
4.31503 0.00697574
4.3163 0.00687314
4.31757 0.00677205
4.31884 0.00667251
4.32011 0.00657459
4.32138 0.00647831
4.32265 0.00638374
4.32392 0.0062909
4.32519 0.00619984
4.32646 0.0061106
4.32773 0.0060232
4.329 0.00593769
4.33027 0.00585408
4.33154 0.00577242
4.33281 0.00569271
4.33408 0.00561499
4.33535 0.0055393
4.33662 0.00546561
4.33789 0.00539395
4.33916 0.00532434
4.34043 0.00525679
4.3417 0.0051913
4.34297 0.00512789
4.34424 0.00506654
4.34551 0.00500727
4.34678 0.00495007
4.34805 0.00489492
4.34932 0.00484184
4.35059 0.00479079
4.35186 0.00474177
4.35313 0.00469477
4.3544 0.00464976
4.35567 0.00460672
4.35694 0.00456563
4.35821 0.00452646
4.35948 0.00448919
4.36075 0.00445378
4.36202 0.00442019
4.36329 0.0043884
4.36456 0.00435836
4.36583 0.00433004
4.3671 0.00430339
4.36837 0.00427837
4.36964 0.00425494
4.37091 0.00423304
4.37218 0.00421264
4.37345 0.00419368
4.37472 0.00417611
4.37599 0.00415989
4.37726 0.00414495
4.37853 0.00413125
4.3798 0.00411872
4.38107 0.00410733
4.38234 0.00409702
4.38361 0.00408772
4.38488 0.00407939
4.38615 0.00407197
4.38742 0.0040654
4.38869 0.00405965
4.38996 0.00405464
4.39123 0.00405033
4.3925 0.00404666
4.39377 0.00404358
4.39504 0.00404104
4.39631 0.00403899
4.39758 0.00403738
4.39885 0.00403616
4.40012 0.00403528
4.40139 0.00403468
4.40266 0.00403434
4.40393 0.00403419
4.4052 0.0040342
4.40647 0.00403432
4.40774 0.0040345
4.40901 0.00403471
4.41028 0.0040349
4.41155 0.00403504
4.41282 0.00403509
4.41409 0.00403499
4.41536 0.00403472
4.41663 0.00403424
4.4179 0.00403353
4.41917 0.0040324
4.42044 0.00403109
4.42171 0.00402943
4.42298 0.00402741
4.42425 0.00402498
4.42552 0.00402212
4.42679 0.00401879
4.42806 0.00401499
4.42933 0.00401066
4.4306 0.00400579
4.43187 0.00400036
4.43314 0.00399435
4.43441 0.00398773
4.43568 0.00398048
4.43695 0.00397258
4.43822 0.00396401
4.43949 0.00395476
4.44076 0.0039448
4.44203 0.00393413
4.4433 0.00392273
4.44457 0.00391057
4.44584 0.00389768
4.44711 0.00388401
4.44838 0.00386957
4.44965 0.00385432
4.45092 0.00383829
4.45219 0.00382148
4.45346 0.00380385
4.45473 0.00378541
4.45599 0.00376617
4.45726 0.00374613
4.45853 0.00372528
4.4598 0.00370362
4.46107 0.00368115
4.46234 0.0036579
4.46361 0.00363387
4.46488 0.00360906
4.46615 0.00358348
4.46742 0.00355715
4.46869 0.0035301
4.46996 0.0035023
4.47123 0.00347379
4.4725 0.00344462
4.47377 0.00341479
4.47504 0.00338432
4.47631 0.00335325
4.47758 0.00332161
4.47885 0.00328941
4.48012 0.0032567
4.48139 0.00322353
4.48266 0.00318992
4.48393 0.00315593
4.4852 0.00312158
4.48647 0.00308693
4.48774 0.00305206
4.48901 0.00301697
4.49028 0.00298178
4.49155 0.0029465
4.49282 0.00291123
4.49409 0.002876
4.49663 0.00280827
4.49917 0.00274151
4.50171 0.00267652
4.50425 0.00261375
4.50679 0.0025541
4.50933 0.0024984
4.51187 0.00244748
4.51441 0.00240217
4.51695 0.00236328
4.51949 0.00233161
4.52203 0.00230784
4.52457 0.00229254
4.52711 0.00228614
4.52965 0.00228891
4.53219 0.00230091
4.53473 0.00232204
4.53727 0.00235199
4.53981 0.00239032
4.54235 0.00243643
4.54489 0.00248964
4.54743 0.00254701
4.5487 0.00257774
4.54997 0.00260968
4.55124 0.00264274
4.55251 0.00267681
4.55378 0.00271179
4.55505 0.00274761
4.55632 0.00278412
4.55759 0.00282126
4.55886 0.0028589
4.56013 0.00289703
4.5614 0.00293545
4.56267 0.00297415
4.56394 0.00301307
4.56521 0.00305208
4.56648 0.00309112
4.56775 0.00313014
4.56902 0.00316904
4.57029 0.0032078
4.57156 0.00324632
4.57283 0.00328455
4.5741 0.00332245
4.57537 0.00335997
4.57664 0.00339706
4.57791 0.00343367
4.57918 0.00346973
4.58045 0.00350527
4.58172 0.00354039
4.58299 0.00357465
4.58426 0.00360833
4.58553 0.00364129
4.5868 0.00367352
4.58807 0.00370506
4.58934 0.00373586
4.59061 0.00376585
4.59188 0.00379503
4.59315 0.00382345
4.59442 0.00385107
4.59569 0.00387785
4.59696 0.0039038
4.59823 0.00392894
4.5995 0.00395325
4.60077 0.00397678
4.60204 0.00399943
4.60331 0.0040213
4.60458 0.00404233
4.60585 0.00406259
4.60712 0.00408199
4.60839 0.00410071
4.60966 0.00411863
4.61093 0.00413584
4.6122 0.00415232
4.61347 0.00416811
4.61474 0.00418321
4.61601 0.00419771
4.61727 0.00421156
4.61854 0.00422481
4.61981 0.00423752
4.62108 0.00424974
4.62235 0.00426145
4.62362 0.00427277
4.62489 0.00428363
4.62616 0.00429418
4.62743 0.00430445
4.6287 0.00431439
4.62997 0.0043242
4.63124 0.00433381
4.63251 0.00434333
4.63378 0.00435281
4.63505 0.00436231
4.63632 0.00437193
4.63759 0.00438164
4.63886 0.0043916
4.64013 0.0044018
4.6414 0.00441239
4.64267 0.00442338
4.64394 0.00443483
4.64521 0.00444696
4.64648 0.00445966
4.64775 0.00447308
4.64902 0.00448736
4.65029 0.00450253
4.65156 0.00451865
4.65283 0.00453587
4.6541 0.00455422
4.65537 0.00457386
4.65664 0.00459476
4.65791 0.00461714
4.65918 0.00464098
4.66045 0.00466633
4.66172 0.00469346
4.66299 0.00472242
4.66426 0.00475316
4.66553 0.00478592
4.6668 0.00482066
4.66807 0.00485754
4.66934 0.00489661
4.67061 0.00493793
4.67188 0.00498165
4.67315 0.00502776
4.67442 0.00507636
4.67569 0.00512754
4.67696 0.00518133
4.67823 0.00523781
4.6795 0.00529702
4.68077 0.00535902
4.68204 0.0054239
4.68331 0.00549159
4.68458 0.00556222
4.68585 0.00563581
4.68712 0.00571236
4.68839 0.00579193
4.68966 0.00587451
4.69093 0.0059601
4.6922 0.00604874
4.69347 0.00614043
4.69474 0.00623516
4.69601 0.00633293
4.69728 0.00643372
4.69855 0.00653751
4.69982 0.00664428
4.70109 0.006754
4.70236 0.00686664
4.70363 0.00698215
4.7049 0.00710053
4.70617 0.00722169
4.70744 0.00734559
4.70871 0.00747219
4.70998 0.00760138
4.71125 0.00773314
4.71252 0.00786738
4.71379 0.00800402
4.71506 0.00814298
4.71633 0.00828418
4.7176 0.0084275
4.71887 0.00857286
4.72014 0.00872016
4.72141 0.00886928
4.72268 0.0090201
4.72395 0.00917252
4.72522 0.00932639
4.72649 0.00948159
4.72776 0.00963798
4.72903 0.00979541
4.7303 0.00995376
4.73157 0.0101128
4.73284 0.0102725
4.73411 0.0104326
4.73538 0.0105929
4.73665 0.0107532
4.73792 0.0109135
4.73919 0.0110734
4.74046 0.0112329
4.74173 0.0113916
4.743 0.0115494
4.74427 0.0117061
4.74554 0.0118615
4.74681 0.0120152
4.74808 0.0121672
4.74935 0.0123172
4.75062 0.0124648
4.75189 0.01261
4.75316 0.0127524
4.75443 0.0128918
4.7557 0.0130279
4.75697 0.0131605
4.75824 0.0132894
4.75951 0.0134141
4.76078 0.0135346
4.76205 0.0136504
4.76332 0.0137614
4.76459 0.0138673
4.76586 0.0139677
4.76713 0.0140625
4.7684 0.0141512
4.76967 0.0142338
4.77094 0.0143098
4.77221 0.014379
4.77348 0.0144412
4.77475 0.014496
4.77602 0.0145432
4.77729 0.0145825
4.77855 0.0146138
4.77982 0.0146366
4.78109 0.0146508
4.78236 0.0146561
4.78363 0.0146523
4.7849 0.0146392
4.78617 0.0146165
4.78744 0.014584
4.78871 0.0145415
4.78998 0.0144889
4.79125 0.0144259
4.79252 0.0143523
4.79379 0.0142681
4.79506 0.014173
4.79633 0.014067
4.7976 0.0139499
4.79887 0.0138215
4.80014 0.0136819
4.80141 0.013531
4.80268 0.0133686
4.80395 0.0131948
4.80522 0.0130095
4.80649 0.0128128
4.80776 0.0126046
4.80903 0.012385
4.8103 0.0121541
4.81157 0.011912
4.81284 0.0116587
4.81411 0.0113944
4.81538 0.0111194
4.81665 0.0108337
4.81792 0.0105376
4.81919 0.0102313
4.82046 0.00991527
4.82173 0.0095897
4.823 0.00925501
4.82427 0.00891164
4.82554 0.00856007
4.82681 0.00820087
4.82808 0.00783468
4.82935 0.00746224
4.83062 0.00708442
4.83189 0.00670223
4.83316 0.00631688
4.83443 0.00592985
4.8357 0.00554294
4.83697 0.00515841
4.83824 0.00477915
4.83951 0.00440891
4.84078 0.00405256
4.84205 0.00371658
4.84332 0.00340946
4.84459 0.00314211
4.84586 0.00292775
4.84713 0.0027808
4.8484 0.00271407
4.84967 0.0027349
4.85221 0.0030285
4.85475 0.00358222
4.85729 0.00429751
4.85983 0.00510438
4.86237 0.00595499
4.86364 0.00638959
4.86491 0.00682726
4.86618 0.00726622
4.86745 0.00770494
4.86872 0.00814217
4.86999 0.00857679
4.87126 0.00900783
4.87253 0.00943444
4.8738 0.00985583
4.87507 0.0102713
4.87634 0.0106802
4.87761 0.011082
4.87888 0.011476
4.88015 0.0118618
4.88142 0.012239
4.88269 0.012607
4.88396 0.0129655
4.88523 0.0133141
4.8865 0.0136524
4.88777 0.0139802
4.88904 0.0142971
4.89031 0.0146029
4.89158 0.0148972
4.89285 0.01518
4.89412 0.0154509
4.89539 0.0157099
4.89666 0.0159568
4.89793 0.0161913
4.8992 0.0164136
4.90047 0.0166234
4.90174 0.0168206
4.90301 0.0170054
4.90428 0.0171775
4.90555 0.0173371
4.90682 0.0174841
4.90809 0.0176186
4.90936 0.0177407
4.91063 0.0178504
4.9119 0.0179478
4.91317 0.018033
4.91444 0.0181062
4.91571 0.0181675
4.91698 0.018217
4.91825 0.0182549
4.91952 0.0182777
4.92015 0.0182848
4.92079 0.0182892
4.92142 0.0182908
4.92206 0.0182898
4.92269 0.018286
4.92333 0.0182796
4.92396 0.0182705
4.9246 0.0182589
4.92523 0.0182447
4.92587 0.018228
4.9265 0.0182087
4.92714 0.018187
4.92777 0.0181629
4.92841 0.0181364
4.92904 0.0181075
4.92968 0.0180763
4.93031 0.0180428
4.93095 0.018007
4.93158 0.017969
4.93222 0.0179289
4.93285 0.0178866
4.93349 0.0178421
4.93412 0.0177957
4.93476 0.0177472
4.93539 0.0176966
4.93603 0.0176442
4.93666 0.0175898
4.9373 0.0175336
4.93793 0.0174755
4.93857 0.0174156
4.9392 0.017354
4.93983 0.0172906
4.94047 0.0172256
4.9411 0.0171589
4.94174 0.0170906
4.94237 0.0170208
4.94301 0.0169494
4.94364 0.0168766
4.94428 0.0168024
4.94491 0.0167267
4.94555 0.0166497
4.94618 0.0165713
4.94682 0.0164917
4.94745 0.0164108
4.94809 0.0163288
4.94872 0.0162456
4.94936 0.0161612
4.94999 0.0160758
4.95063 0.0159893
4.95126 0.0159019
4.9519 0.0158134
4.95253 0.0157241
4.95317 0.0156339
4.9538 0.0155427
4.95444 0.0154508
4.95507 0.0153581
4.95571 0.0152647
4.95634 0.0151706
4.95698 0.0150758
4.95761 0.0149804
4.95825 0.0148844
4.95888 0.0147878
4.95952 0.0146907
4.96015 0.0145931
4.96079 0.0144951
4.96142 0.0143966
4.96206 0.0142978
4.96269 0.0141987
4.96333 0.0140992
4.96396 0.0139994
4.9646 0.0138994
4.96523 0.0137992
4.96587 0.0136987
4.9665 0.0135982
4.96714 0.0134974
4.96777 0.0133966
4.96841 0.0132958
4.96904 0.0131949
4.96968 0.013094
4.97031 0.0129931
4.97158 0.0127934
4.97285 0.0125942
4.97412 0.0123956
4.97539 0.0121976
4.97666 0.0120008
4.97793 0.0118051
4.9792 0.0116109
4.98047 0.0114182
4.98174 0.0112272
4.98301 0.0110382
4.98428 0.0108513
4.98555 0.0106666
4.98682 0.0104842
4.98809 0.0103045
4.98936 0.0101274
4.99063 0.00995315
4.9919 0.00978163
4.99317 0.00961324
4.99444 0.00944805
4.99571 0.00928601
4.99698 0.00912747
4.99825 0.00897242
4.99952 0.00882074
