2p|r.;b.|Choice 'h' for RKM_auto with p = 2|x|h
0.0404787 0.0203187
0.0607975 0.0203187
0.0811162 0.0203187
0.111594 0.0101594
0.121754 0.0101594
0.131913 0.0101594
0.142072 0.0101594
0.152232 0.0101594
0.162391 0.0101594
0.172551 0.0101594
0.18271 0.0101594
0.192869 0.0101594
0.203029 0.0101594
0.213188 0.0101594
0.223347 0.0101594
0.233507 0.0101594
0.243666 0.0101594
0.253826 0.0101594
0.263985 0.0101594
0.274144 0.0101594
0.284304 0.0101594
0.294463 0.0101594
0.304622 0.0101594
0.314782 0.0101594
0.324941 0.0101594
0.3351 0.0101594
0.34526 0.0101594
0.355419 0.0101594
0.365579 0.0101594
0.375738 0.0101594
0.385897 0.0101594
0.396057 0.0101594
0.406216 0.0101594
0.416375 0.0101594
0.426535 0.0101594
0.436694 0.0101594
0.446854 0.0101594
0.457013 0.0101594
0.467172 0.0101594
0.477332 0.0101594
0.487491 0.0101594
0.49765 0.0101594
0.50781 0.0101594
0.517969 0.0101594
0.528129 0.0101594
0.538288 0.0101594
0.548447 0.0101594
0.558607 0.0101594
0.568766 0.0101594
0.578925 0.0101594
0.589085 0.0101594
0.599244 0.0101594
0.609403 0.0101594
0.619563 0.0101594
0.629722 0.0101594
0.639882 0.0101594
0.650041 0.0101594
0.6602 0.0101594
0.67036 0.0101594
0.680519 0.0101594
0.690678 0.0101594
0.700838 0.0101594
0.710997 0.0101594
0.721157 0.0101594
0.731316 0.0101594
0.746555 0.00507969
0.751635 0.00507969
0.756714 0.00507969
0.761794 0.00507969
0.766874 0.00507969
0.771953 0.00507969
0.777033 0.00507969
0.782113 0.00507969
0.787192 0.00507969
0.792272 0.00507969
0.797352 0.00507969
0.802431 0.00507969
0.807511 0.00507969
0.812591 0.00507969
0.817671 0.00507969
0.82275 0.00507969
0.82783 0.00507969
0.83291 0.00507969
0.837989 0.00507969
0.843069 0.00507969
0.848149 0.00507969
0.853228 0.00507969
0.858308 0.00507969
0.863388 0.00507969
0.868467 0.00507969
0.873547 0.00507969
0.878627 0.00507969
0.883706 0.00507969
0.888786 0.00507969
0.893866 0.00507969
0.898946 0.00507969
0.904025 0.00507969
0.909105 0.00507969
0.914185 0.00507969
0.919264 0.00507969
0.924344 0.00507969
0.929424 0.00507969
0.934503 0.00507969
0.939583 0.00507969
0.944663 0.00507969
0.949742 0.00507969
0.954822 0.00507969
0.959902 0.00507969
0.964981 0.00507969
0.970061 0.00507969
0.975141 0.00507969
0.98022 0.00507969
0.9853 0.00507969
0.99038 0.00507969
0.99546 0.00507969
1.00054 0.00507969
1.00562 0.00507969
1.0107 0.00507969
1.01578 0.00507969
1.02086 0.00507969
1.02594 0.00507969
1.03102 0.00507969
1.0361 0.00507969
1.04118 0.00507969
1.04626 0.00507969
1.05134 0.00507969
1.05642 0.00507969
1.0615 0.00507969
1.06658 0.00507969
1.07165 0.00507969
1.07673 0.00507969
1.08181 0.00507969
1.08689 0.00507969
1.09197 0.00507969
1.09705 0.00507969
1.10213 0.00507969
1.10721 0.00507969
1.11229 0.00507969
1.11737 0.00507969
1.12245 0.00507969
1.12753 0.00507969
1.13261 0.00507969
1.13769 0.00507969
1.14277 0.00507969
1.14785 0.00507969
1.15293 0.00507969
1.15801 0.00507969
1.16309 0.00507969
1.16817 0.00507969
1.17325 0.00507969
1.17833 0.00507969
1.18341 0.00507969
1.18849 0.00507969
1.19357 0.00507969
1.19865 0.00507969
1.20373 0.00507969
1.20881 0.00507969
1.21389 0.00507969
1.21897 0.00507969
1.22405 0.00507969
1.22913 0.00507969
1.2342 0.00507969
1.23928 0.00507969
1.24436 0.00507969
1.24944 0.00507969
1.25452 0.00507969
1.2596 0.00507969
1.26468 0.00507969
1.26976 0.00507969
1.27484 0.00507969
1.27992 0.00507969
1.285 0.00507969
1.30024 0.0101594
1.3104 0.0101594
1.32056 0.0101594
1.3358 0.00507969
1.34088 0.00507969
1.34596 0.00507969
1.35104 0.00507969
1.35612 0.00507969
1.3612 0.00507969
1.36628 0.00507969
1.37136 0.00507969
1.37644 0.00507969
1.38152 0.00507969
1.3866 0.00507969
1.39167 0.00507969
1.39675 0.00507969
1.40183 0.00507969
1.40691 0.00507969
1.41199 0.00507969
1.41707 0.00507969
1.42215 0.00507969
1.42723 0.00507969
1.43231 0.00507969
1.43739 0.00507969
1.44247 0.00507969
1.44755 0.00507969
1.45263 0.00507969
1.45771 0.00507969
1.46279 0.00507969
1.46787 0.00507969
1.47295 0.00507969
1.47803 0.00507969
1.48311 0.00507969
1.48819 0.00507969
1.49327 0.00507969
1.49835 0.00507969
1.50343 0.00507969
1.50851 0.00507969
1.51359 0.00507969
1.51867 0.00507969
1.52375 0.00507969
1.52883 0.00507969
1.53391 0.00507969
1.53899 0.00507969
1.54407 0.00507969
1.54915 0.00507969
1.55422 0.00507969
1.5593 0.00507969
1.56692 0.00253984
1.56946 0.00253984
1.572 0.00253984
1.57454 0.00253984
1.57708 0.00253984
1.57962 0.00253984
1.58216 0.00253984
1.5847 0.00253984
1.58724 0.00253984
1.58978 0.00253984
1.59232 0.00253984
1.59486 0.00253984
1.5974 0.00253984
1.59994 0.00253984
1.60248 0.00253984
1.60502 0.00253984
1.60756 0.00253984
1.6101 0.00253984
1.61264 0.00253984
1.61518 0.00253984
1.61772 0.00253984
1.62026 0.00253984
1.6228 0.00253984
1.62534 0.00253984
1.62788 0.00253984
1.63042 0.00253984
1.63296 0.00253984
1.6355 0.00253984
1.63804 0.00253984
1.64058 0.00253984
1.64312 0.00253984
1.64566 0.00253984
1.6482 0.00253984
1.65074 0.00253984
1.65328 0.00253984
1.65582 0.00253984
1.65836 0.00253984
1.6609 0.00253984
1.66344 0.00253984
1.66598 0.00253984
1.66852 0.00253984
1.67106 0.00253984
1.6736 0.00253984
1.67614 0.00253984
1.67868 0.00253984
1.68122 0.00253984
1.68376 0.00253984
1.6863 0.00253984
1.68884 0.00253984
1.69138 0.00253984
1.69392 0.00253984
1.69646 0.00253984
1.699 0.00253984
1.70154 0.00253984
1.70408 0.00253984
1.70662 0.00253984
1.70916 0.00253984
1.7117 0.00253984
1.71423 0.00253984
1.71677 0.00253984
1.71931 0.00253984
1.72185 0.00253984
1.72439 0.00253984
1.72693 0.00253984
1.72947 0.00253984
1.73201 0.00253984
1.73455 0.00253984
1.73709 0.00253984
1.73963 0.00253984
1.74217 0.00253984
1.74471 0.00253984
1.74725 0.00253984
1.74979 0.00253984
1.75233 0.00253984
1.75487 0.00253984
1.75741 0.00253984
1.75995 0.00253984
1.76249 0.00253984
1.76503 0.00253984
1.76757 0.00253984
1.77011 0.00253984
1.77265 0.00253984
1.77519 0.00253984
1.77773 0.00253984
1.78027 0.00253984
1.78281 0.00253984
1.78535 0.00253984
1.78789 0.00253984
1.79043 0.00253984
1.79297 0.00253984
1.79551 0.00253984
1.79805 0.00253984
1.80059 0.00253984
1.80313 0.00253984
1.80567 0.00253984
1.80821 0.00253984
1.81075 0.00253984
1.81329 0.00253984
1.81583 0.00253984
1.81837 0.00253984
1.82091 0.00253984
1.82345 0.00253984
1.82599 0.00253984
1.82853 0.00253984
1.83107 0.00253984
1.83361 0.00253984
1.83615 0.00253984
1.83869 0.00253984
1.84123 0.00253984
1.84377 0.00253984
1.84631 0.00253984
1.84885 0.00253984
1.85139 0.00253984
1.85393 0.00253984
1.85647 0.00253984
1.85901 0.00253984
1.86155 0.00253984
1.86409 0.00253984
1.86663 0.00253984
1.86917 0.00253984
1.87171 0.00253984
1.87425 0.00253984
1.87678 0.00253984
1.87932 0.00253984
1.88186 0.00253984
1.8844 0.00253984
1.88694 0.00253984
1.88948 0.00253984
1.89202 0.00253984
1.89456 0.00253984
1.8971 0.00253984
1.89964 0.00253984
1.90218 0.00253984
1.90472 0.00253984
1.90726 0.00253984
1.9098 0.00253984
1.91234 0.00253984
1.91488 0.00253984
1.91742 0.00253984
1.91996 0.00253984
1.9225 0.00253984
1.92504 0.00253984
1.92758 0.00253984
1.93012 0.00253984
1.93266 0.00253984
1.9352 0.00253984
1.93774 0.00253984
1.94028 0.00253984
1.94282 0.00253984
1.94536 0.00253984
1.9479 0.00253984
1.95044 0.00253984
1.95298 0.00253984
1.95552 0.00253984
1.95806 0.00253984
1.9606 0.00253984
1.96314 0.00253984
1.96568 0.00253984
1.96822 0.00253984
1.97076 0.00253984
1.9733 0.00253984
1.97584 0.00253984
1.97838 0.00253984
1.98092 0.00253984
1.98346 0.00253984
1.986 0.00253984
1.98854 0.00253984
1.99108 0.00253984
1.99362 0.00253984
1.99616 0.00253984
1.9987 0.00253984
2.00124 0.00253984
2.00378 0.00253984
2.00632 0.00253984
2.00886 0.00253984
2.0114 0.00253984
2.01394 0.00253984
2.01648 0.00253984
2.01902 0.00253984
2.02156 0.00253984
2.0241 0.00253984
2.02664 0.00253984
2.02918 0.00253984
2.03172 0.00253984
2.03426 0.00253984
2.03679 0.00253984
2.03933 0.00253984
2.04187 0.00253984
2.04441 0.00253984
2.04695 0.00253984
2.04949 0.00253984
2.05203 0.00253984
2.05457 0.00253984
2.05711 0.00253984
2.05965 0.00253984
2.06219 0.00253984
2.06473 0.00253984
2.06727 0.00253984
2.06981 0.00253984
2.07235 0.00253984
2.07489 0.00253984
2.07743 0.00253984
2.07997 0.00253984
2.08251 0.00253984
2.08505 0.00253984
2.08759 0.00253984
2.09013 0.00253984
2.09267 0.00253984
2.09521 0.00253984
2.09775 0.00253984
2.10029 0.00253984
2.10283 0.00253984
2.10537 0.00253984
2.10791 0.00253984
2.11045 0.00253984
2.11299 0.00253984
2.11553 0.00253984
2.11807 0.00253984
2.12061 0.00253984
2.12315 0.00253984
2.12569 0.00253984
2.12823 0.00253984
2.13077 0.00253984
2.13331 0.00253984
2.13585 0.00253984
2.13839 0.00253984
2.14093 0.00253984
2.14347 0.00253984
2.14601 0.00253984
2.14855 0.00253984
2.15109 0.00253984
2.15363 0.00253984
2.15617 0.00253984
2.15871 0.00253984
2.16633 0.00507969
2.17141 0.00507969
2.17649 0.00507969
2.18157 0.00507969
2.18665 0.00507969
2.19173 0.00507969
2.19681 0.00507969
2.20442 0.00253984
2.20696 0.00253984
2.2095 0.00253984
2.21204 0.00253984
2.21458 0.00253984
2.21712 0.00253984
2.21966 0.00253984
2.2222 0.00253984
2.22474 0.00253984
2.22728 0.00253984
2.22982 0.00253984
2.23236 0.00253984
2.2349 0.00253984
2.23744 0.00253984
2.23998 0.00253984
2.24252 0.00253984
2.24506 0.00253984
2.2476 0.00253984
2.25014 0.00253984
2.25268 0.00253984
2.25522 0.00253984
2.25776 0.00253984
2.2603 0.00253984
2.26284 0.00253984
2.26538 0.00253984
2.26792 0.00253984
2.27046 0.00253984
2.273 0.00253984
2.27554 0.00253984
2.27808 0.00253984
2.28062 0.00253984
2.28316 0.00253984
2.2857 0.00253984
2.28824 0.00253984
2.29078 0.00253984
2.29332 0.00253984
2.29586 0.00253984
2.2984 0.00253984
2.30094 0.00253984
2.30348 0.00253984
2.30602 0.00253984
2.30856 0.00253984
2.3111 0.00253984
2.31364 0.00253984
2.31618 0.00253984
2.31872 0.00253984
2.32126 0.00253984
2.3238 0.00253984
2.32634 0.00253984
2.32888 0.00253984
2.33142 0.00253984
2.33396 0.00253984
2.3365 0.00253984
2.33904 0.00253984
2.34158 0.00253984
2.34412 0.00253984
2.34666 0.00253984
2.3492 0.00253984
2.35174 0.00253984
2.35428 0.00253984
2.35682 0.00253984
2.35935 0.00253984
2.36189 0.00253984
2.36443 0.00253984
2.36824 0.00126992
2.36951 0.00126992
2.37078 0.00126992
2.37205 0.00126992
2.37332 0.00126992
2.37459 0.00126992
2.37586 0.00126992
2.37713 0.00126992
2.3784 0.00126992
2.37967 0.00126992
2.38094 0.00126992
2.38221 0.00126992
2.38348 0.00126992
2.38475 0.00126992
2.38602 0.00126992
2.38729 0.00126992
2.38856 0.00126992
2.38983 0.00126992
2.3911 0.00126992
2.39237 0.00126992
2.39364 0.00126992
2.39491 0.00126992
2.39618 0.00126992
2.39745 0.00126992
2.39872 0.00126992
2.39999 0.00126992
2.40126 0.00126992
2.40253 0.00126992
2.4038 0.00126992
2.40507 0.00126992
2.40634 0.00126992
2.41015 0.00253984
2.41269 0.00253984
2.41523 0.00253984
2.41777 0.00253984
2.42031 0.00253984
2.42285 0.00253984
2.42539 0.00253984
2.42793 0.00253984
2.43047 0.00253984
2.43301 0.00253984
2.43555 0.00253984
2.43809 0.00253984
2.44063 0.00253984
2.44317 0.00253984
2.44571 0.00253984
2.44825 0.00253984
2.45079 0.00253984
2.45333 0.00253984
2.45587 0.00253984
2.45841 0.00253984
2.46095 0.00253984
2.46349 0.00253984
2.46603 0.00253984
2.46857 0.00253984
2.47111 0.00253984
2.47365 0.00253984
2.47619 0.00253984
2.47873 0.00253984
2.48127 0.00253984
2.48381 0.00253984
2.48635 0.00253984
2.48889 0.00253984
2.49143 0.00253984
2.49397 0.00253984
2.49651 0.00253984
2.49905 0.00253984
2.50159 0.00253984
2.50413 0.00253984
2.50667 0.00253984
2.50921 0.00253984
2.51175 0.00253984
2.51429 0.00253984
2.51683 0.00253984
2.51937 0.00253984
2.5219 0.00253984
2.52444 0.00253984
2.52698 0.00253984
2.52952 0.00253984
2.53206 0.00253984
2.5346 0.00253984
2.53714 0.00253984
2.53968 0.00253984
2.54222 0.00253984
2.54476 0.00253984
2.5473 0.00253984
2.54984 0.00253984
2.55238 0.00253984
2.55492 0.00253984
2.55746 0.00253984
2.56 0.00253984
2.56254 0.00253984
2.56508 0.00253984
2.56762 0.00253984
2.57016 0.00253984
2.5727 0.00253984
2.57524 0.00253984
2.57778 0.00253984
2.58032 0.00253984
2.58286 0.00253984
2.5854 0.00253984
2.58794 0.00253984
2.59048 0.00253984
2.59302 0.00253984
2.59556 0.00253984
2.5981 0.00253984
2.60064 0.00253984
2.60318 0.00253984
2.60572 0.00253984
2.60826 0.00253984
2.6108 0.00253984
2.61334 0.00253984
2.61588 0.00253984
2.61842 0.00253984
2.62096 0.00253984
2.6235 0.00253984
2.62604 0.00253984
2.62858 0.00253984
2.63112 0.00253984
2.63366 0.00253984
2.6362 0.00253984
2.63874 0.00253984
2.64128 0.00253984
2.64382 0.00253984
2.64636 0.00253984
2.6489 0.00253984
2.65144 0.00253984
2.65398 0.00253984
2.65652 0.00253984
2.65906 0.00253984
2.6616 0.00253984
2.66414 0.00253984
2.66668 0.00253984
2.66922 0.00253984
2.67176 0.00253984
2.6743 0.00253984
2.67684 0.00253984
2.67938 0.00253984
2.68191 0.00253984
2.68445 0.00253984
2.68699 0.00253984
2.68953 0.00253984
2.69207 0.00253984
2.69461 0.00253984
2.69715 0.00253984
2.69969 0.00253984
2.70223 0.00253984
2.70477 0.00253984
2.70731 0.00253984
2.70985 0.00253984
2.71239 0.00253984
2.71493 0.00253984
2.71747 0.00253984
2.72001 0.00253984
2.72255 0.00253984
2.72509 0.00253984
2.72763 0.00253984
2.73017 0.00253984
2.73271 0.00253984
2.73525 0.00253984
2.73779 0.00253984
2.74033 0.00253984
2.74287 0.00253984
2.74541 0.00253984
2.74795 0.00253984
2.75049 0.00253984
2.75303 0.00253984
2.75557 0.00253984
2.75811 0.00253984
2.76065 0.00253984
2.76319 0.00253984
2.76573 0.00253984
2.76827 0.00253984
2.77081 0.00253984
2.77335 0.00253984
2.77589 0.00253984
2.77843 0.00253984
2.78097 0.00253984
2.78351 0.00253984
2.78605 0.00253984
2.78859 0.00253984
2.79113 0.00253984
2.79367 0.00253984
2.79621 0.00253984
2.79875 0.00253984
2.80129 0.00253984
2.80383 0.00253984
2.80637 0.00253984
2.80891 0.00253984
2.81145 0.00253984
2.81399 0.00253984
2.81653 0.00253984
2.81907 0.00253984
2.82161 0.00253984
2.82415 0.00253984
2.82669 0.00253984
2.82923 0.00253984
2.83177 0.00253984
2.83431 0.00253984
2.83685 0.00253984
2.83939 0.00253984
2.84193 0.00253984
2.84446 0.00253984
2.847 0.00253984
2.84954 0.00253984
2.85208 0.00253984
2.85462 0.00253984
2.85716 0.00253984
2.8597 0.00253984
2.86224 0.00253984
2.86478 0.00253984
2.86732 0.00253984
2.86986 0.00253984
2.8724 0.00253984
2.87494 0.00253984
2.87748 0.00253984
2.88002 0.00253984
2.88256 0.00253984
2.8851 0.00253984
2.88764 0.00253984
2.89018 0.00253984
2.89272 0.00253984
2.89526 0.00253984
2.8978 0.00253984
2.90034 0.00253984
2.90288 0.00253984
2.90542 0.00253984
2.90796 0.00253984
2.9105 0.00253984
2.91304 0.00253984
2.91558 0.00253984
2.91812 0.00253984
2.92066 0.00253984
2.9232 0.00253984
2.92574 0.00253984
2.92828 0.00253984
2.93082 0.00253984
2.93336 0.00253984
2.9359 0.00253984
2.93844 0.00253984
2.94098 0.00253984
2.94352 0.00253984
2.94606 0.00253984
2.9486 0.00253984
2.95114 0.00253984
2.95368 0.00253984
2.95622 0.00253984
2.95876 0.00253984
2.9613 0.00253984
2.96384 0.00253984
2.96638 0.00253984
2.96892 0.00253984
2.97146 0.00253984
2.974 0.00253984
2.97654 0.00253984
2.98035 0.00126992
2.98162 0.00126992
2.98289 0.00126992
2.98416 0.00126992
2.98543 0.00126992
2.9867 0.00126992
2.98797 0.00126992
2.98924 0.00126992
2.99051 0.00126992
2.99178 0.00126992
2.99305 0.00126992
2.99432 0.00126992
2.99559 0.00126992
2.99686 0.00126992
2.99813 0.00126992
2.9994 0.00126992
3.00067 0.00126992
3.00194 0.00126992
3.00321 0.00126992
3.00447 0.00126992
3.00574 0.00126992
3.00701 0.00126992
3.00828 0.00126992
3.00955 0.00126992
3.01082 0.00126992
3.01209 0.00126992
3.01336 0.00126992
3.01463 0.00126992
3.0159 0.00126992
3.01717 0.00126992
3.01844 0.00126992
3.01971 0.00126992
3.02098 0.00126992
3.02225 0.00126992
3.02352 0.00126992
3.02479 0.00126992
3.02606 0.00126992
3.02733 0.00126992
3.0286 0.00126992
3.02987 0.00126992
3.03114 0.00126992
3.03241 0.00126992
3.03368 0.00126992
3.03495 0.00126992
3.03622 0.00126992
3.03749 0.00126992
3.03876 0.00126992
3.04003 0.00126992
3.0413 0.00126992
3.04257 0.00126992
3.04384 0.00126992
3.04511 0.00126992
3.04638 0.00126992
3.04765 0.00126992
3.04892 0.00126992
3.05019 0.00126992
3.05146 0.00126992
3.05273 0.00126992
3.054 0.00126992
3.05527 0.00126992
3.05654 0.00126992
3.05781 0.00126992
3.05908 0.00126992
3.06035 0.00126992
3.06162 0.00126992
3.06289 0.00126992
3.06416 0.00126992
3.06543 0.00126992
3.0667 0.00126992
3.06797 0.00126992
3.06924 0.00126992
3.07051 0.00126992
3.07178 0.00126992
3.07305 0.00126992
3.07432 0.00126992
3.07559 0.00126992
3.07686 0.00126992
3.07813 0.00126992
3.0794 0.00126992
3.08067 0.00126992
3.08194 0.00126992
3.08321 0.00126992
3.08448 0.00126992
3.08575 0.00126992
3.08702 0.00126992
3.08829 0.00126992
3.08956 0.00126992
3.09083 0.00126992
3.0921 0.00126992
3.09337 0.00126992
3.09464 0.00126992
3.09591 0.00126992
3.09718 0.00126992
3.09845 0.00126992
3.09972 0.00126992
3.10099 0.00126992
3.10226 0.00126992
3.10353 0.00126992
3.1048 0.00126992
3.10607 0.00126992
3.10734 0.00126992
3.10861 0.00126992
3.10988 0.00126992
3.11115 0.00126992
3.11242 0.00126992
3.11369 0.00126992
3.11496 0.00126992
3.11623 0.00126992
3.1175 0.00126992
3.11877 0.00126992
3.12004 0.00126992
3.12131 0.00126992
3.12258 0.00126992
3.12385 0.00126992
3.12512 0.00126992
3.12639 0.00126992
3.12766 0.00126992
3.12893 0.00126992
3.1302 0.00126992
3.13147 0.00126992
3.13274 0.00126992
3.13401 0.00126992
3.13528 0.00126992
3.13655 0.00126992
3.13782 0.00126992
3.13909 0.00126992
3.14036 0.00126992
3.14163 0.00126992
3.1429 0.00126992
3.14417 0.00126992
3.14544 0.00126992
3.14671 0.00126992
3.14798 0.00126992
3.14925 0.00126992
3.15052 0.00126992
3.15179 0.00126992
3.15306 0.00126992
3.15433 0.00126992
3.1556 0.00126992
3.15687 0.00126992
3.15814 0.00126992
3.15941 0.00126992
3.16068 0.00126992
3.16195 0.00126992
3.16322 0.00126992
3.16449 0.00126992
3.16575 0.00126992
3.16702 0.00126992
3.16829 0.00126992
3.16956 0.00126992
3.17083 0.00126992
3.1721 0.00126992
3.17337 0.00126992
3.17464 0.00126992
3.17591 0.00126992
3.17718 0.00126992
3.17845 0.00126992
3.17972 0.00126992
3.18099 0.00126992
3.18226 0.00126992
3.18353 0.00126992
3.1848 0.00126992
3.18607 0.00126992
3.18734 0.00126992
3.18861 0.00126992
3.18988 0.00126992
3.19115 0.00126992
3.19242 0.00126992
3.19369 0.00126992
3.19496 0.00126992
3.19623 0.00126992
3.1975 0.00126992
3.19877 0.00126992
3.20004 0.00126992
3.20131 0.00126992
3.20258 0.00126992
3.20385 0.00126992
3.20512 0.00126992
3.20639 0.00126992
3.20766 0.00126992
3.20893 0.00126992
3.2102 0.00126992
3.21147 0.00126992
3.21274 0.00126992
3.21401 0.00126992
3.21528 0.00126992
3.21655 0.00126992
3.21782 0.00126992
3.21909 0.00126992
3.22036 0.00126992
3.22163 0.00126992
3.2229 0.00126992
3.22417 0.00126992
3.22544 0.00126992
3.22671 0.00126992
3.22798 0.00126992
3.22925 0.00126992
3.23052 0.00126992
3.23179 0.00126992
3.23306 0.00126992
3.23433 0.00126992
3.2356 0.00126992
3.23687 0.00126992
3.23814 0.00126992
3.23941 0.00126992
3.24068 0.00126992
3.24195 0.00126992
3.24322 0.00126992
3.24449 0.00126992
3.24576 0.00126992
3.24703 0.00126992
3.2483 0.00126992
3.24957 0.00126992
3.25084 0.00126992
3.25211 0.00126992
3.25338 0.00126992
3.25465 0.00126992
3.25592 0.00126992
3.25719 0.00126992
3.25846 0.00126992
3.25973 0.00126992
3.261 0.00126992
3.26227 0.00126992
3.26354 0.00126992
3.26481 0.00126992
3.26608 0.00126992
3.26735 0.00126992
3.26862 0.00126992
3.26989 0.00126992
3.27116 0.00126992
3.27243 0.00126992
3.2737 0.00126992
3.27497 0.00126992
3.27624 0.00126992
3.27751 0.00126992
3.27878 0.00126992
3.28005 0.00126992
3.28132 0.00126992
3.28259 0.00126992
3.28386 0.00126992
3.28513 0.00126992
3.2864 0.00126992
3.29021 0.00253984
3.29275 0.00253984
3.29529 0.00253984
3.29783 0.00253984
3.30037 0.00253984
3.30291 0.00253984
3.30545 0.00253984
3.30799 0.00253984
3.31053 0.00253984
3.31307 0.00253984
3.31561 0.00253984
3.32577 0.00253984
3.3283 0.00253984
3.33084 0.00253984
3.33338 0.00253984
3.33592 0.00253984
3.33846 0.00253984
3.341 0.00253984
3.34354 0.00253984
3.34608 0.00253984
3.34862 0.00253984
3.35243 0.00126992
3.3537 0.00126992
3.35497 0.00126992
3.35624 0.00126992
3.35751 0.00126992
3.35878 0.00126992
3.36005 0.00126992
3.36132 0.00126992
3.36259 0.00126992
3.36386 0.00126992
3.36513 0.00126992
3.3664 0.00126992
3.36767 0.00126992
3.36894 0.00126992
3.37021 0.00126992
3.37148 0.00126992
3.37275 0.00126992
3.37402 0.00126992
3.37529 0.00126992
3.37656 0.00126992
3.37783 0.00126992
3.3791 0.00126992
3.38037 0.00126992
3.38164 0.00126992
3.38291 0.00126992
3.38418 0.00126992
3.38545 0.00126992
3.38672 0.00126992
3.38799 0.00126992
3.38926 0.00126992
3.39053 0.00126992
3.3918 0.00126992
3.39307 0.00126992
3.39434 0.00126992
3.39561 0.00126992
3.39688 0.00126992
3.39815 0.00126992
3.39942 0.00126992
3.40069 0.00126992
3.40196 0.00126992
3.40323 0.00126992
3.4045 0.00126992
3.40577 0.00126992
3.40704 0.00126992
3.40831 0.00126992
3.40958 0.00126992
3.41085 0.00126992
3.41212 0.00126992
3.41339 0.00126992
3.41466 0.00126992
3.41593 0.00126992
3.4172 0.00126992
3.41847 0.00126992
3.41974 0.00126992
3.42101 0.00126992
3.42228 0.00126992
3.42355 0.00126992
3.42482 0.00126992
3.42609 0.00126992
3.42736 0.00126992
3.42863 0.00126992
3.4299 0.00126992
3.43117 0.00126992
3.43244 0.00126992
3.43371 0.00126992
3.43498 0.00126992
3.43625 0.00126992
3.43752 0.00126992
3.43879 0.00126992
3.44006 0.00126992
3.44133 0.00126992
3.4426 0.00126992
3.44387 0.00126992
3.44514 0.00126992
3.44641 0.00126992
3.44768 0.00126992
3.44895 0.00126992
3.45022 0.00126992
3.45149 0.00126992
3.45276 0.00126992
3.45403 0.00126992
3.4553 0.00126992
3.45657 0.00126992
3.45784 0.00126992
3.45911 0.00126992
3.46038 0.00126992
3.46165 0.00126992
3.46292 0.00126992
3.46419 0.00126992
3.46546 0.00126992
3.46673 0.00126992
3.468 0.00126992
3.46927 0.00126992
3.47054 0.00126992
3.47181 0.00126992
3.47308 0.00126992
3.47435 0.00126992
3.47562 0.00126992
3.47689 0.00126992
3.47816 0.00126992
3.47943 0.00126992
3.4807 0.00126992
3.48197 0.00126992
3.48324 0.00126992
3.48451 0.00126992
3.48578 0.00126992
3.48705 0.00126992
3.48831 0.00126992
3.48958 0.00126992
3.49085 0.00126992
3.49212 0.00126992
3.49339 0.00126992
3.49466 0.00126992
3.49593 0.00126992
3.4972 0.00126992
3.49847 0.00126992
3.49974 0.00126992
3.50101 0.00126992
3.50228 0.00126992
3.50355 0.00126992
3.50482 0.00126992
3.50609 0.00126992
3.50736 0.00126992
3.50863 0.00126992
3.5099 0.00126992
3.51117 0.00126992
3.51244 0.00126992
3.51371 0.00126992
3.51498 0.00126992
3.51625 0.00126992
3.51752 0.00126992
3.51879 0.00126992
3.52006 0.00126992
3.52133 0.00126992
3.5226 0.00126992
3.52387 0.00126992
3.52514 0.00126992
3.52641 0.00126992
3.52768 0.00126992
3.52895 0.00126992
3.53022 0.00126992
3.53149 0.00126992
3.53276 0.00126992
3.53403 0.00126992
3.5353 0.00126992
3.53657 0.00126992
3.53784 0.00126992
3.53911 0.00126992
3.54038 0.00126992
3.54165 0.00126992
3.54292 0.00126992
3.54419 0.00126992
3.54546 0.00126992
3.54673 0.00126992
3.548 0.00126992
3.54927 0.00126992
3.55054 0.00126992
3.55181 0.00126992
3.55308 0.00126992
3.55435 0.00126992
3.55562 0.00126992
3.55689 0.00126992
3.55816 0.00126992
3.55943 0.00126992
3.5607 0.00126992
3.56197 0.00126992
3.56324 0.00126992
3.56451 0.00126992
3.56578 0.00126992
3.56705 0.00126992
3.56832 0.00126992
3.56959 0.00126992
3.57086 0.00126992
3.57213 0.00126992
3.5734 0.00126992
3.57467 0.00126992
3.57594 0.00126992
3.57721 0.00126992
3.57848 0.00126992
3.57975 0.00126992
3.58102 0.00126992
3.58229 0.00126992
3.58356 0.00126992
3.58483 0.00126992
3.5861 0.00126992
3.58737 0.00126992
3.58864 0.00126992
3.58991 0.00126992
3.59118 0.00126992
3.59245 0.00126992
3.59372 0.00126992
3.59499 0.00126992
3.59626 0.00126992
3.59753 0.00126992
3.5988 0.00126992
3.60007 0.00126992
3.60134 0.00126992
3.60261 0.00126992
3.60388 0.00126992
3.60515 0.00126992
3.60642 0.00126992
3.60769 0.00126992
3.60896 0.00126992
3.61023 0.00126992
3.6115 0.00126992
3.61277 0.00126992
3.61404 0.00126992
3.61531 0.00126992
3.61658 0.00126992
3.61785 0.00126992
3.61912 0.00126992
3.62039 0.00126992
3.62166 0.00126992
3.62293 0.00126992
3.6242 0.00126992
3.62547 0.00126992
3.62674 0.00126992
3.62801 0.00126992
3.62928 0.00126992
3.63055 0.00126992
3.63182 0.00126992
3.63309 0.00126992
3.63436 0.00126992
3.63563 0.00126992
3.6369 0.00126992
3.63817 0.00126992
3.63944 0.00126992
3.64071 0.00126992
3.64198 0.00126992
3.64325 0.00126992
3.64452 0.00126992
3.64579 0.00126992
3.64706 0.00126992
3.64833 0.00126992
3.64959 0.00126992
3.65086 0.00126992
3.65213 0.00126992
3.6534 0.00126992
3.65467 0.00126992
3.65594 0.00126992
3.65721 0.00126992
3.65848 0.00126992
3.65975 0.00126992
3.66102 0.00126992
3.66229 0.00126992
3.66356 0.00126992
3.66483 0.00126992
3.6661 0.00126992
3.66737 0.00126992
3.66864 0.00126992
3.66991 0.00126992
3.67118 0.00126992
3.67245 0.00126992
3.67372 0.00126992
3.67499 0.00126992
3.67626 0.00126992
3.67753 0.00126992
3.6788 0.00126992
3.68007 0.00126992
3.68134 0.00126992
3.68261 0.00126992
3.68388 0.00126992
3.68515 0.00126992
3.68642 0.00126992
3.68769 0.00126992
3.68896 0.00126992
3.69023 0.00126992
3.6915 0.00126992
3.69277 0.00126992
3.69404 0.00126992
3.69531 0.00126992
3.69912 0.00253984
3.70166 0.00253984
3.7042 0.00253984
3.70674 0.00253984
3.70928 0.00253984
3.71182 0.00253984
3.71436 0.00253984
3.7169 0.00253984
3.71944 0.00253984
3.72198 0.00253984
3.72452 0.00253984
3.72706 0.00253984
3.7296 0.00253984
3.73214 0.00253984
3.73468 0.00253984
3.73722 0.00253984
3.73976 0.00253984
3.7423 0.00253984
3.74484 0.00253984
3.74738 0.00253984
3.74992 0.00253984
3.75246 0.00253984
3.755 0.00253984
3.75754 0.00253984
3.76008 0.00253984
3.76262 0.00253984
3.76516 0.00253984
3.7677 0.00253984
3.77024 0.00253984
3.77278 0.00253984
3.77532 0.00253984
3.77786 0.00253984
3.7804 0.00253984
3.78294 0.00253984
3.78548 0.00253984
3.78802 0.00253984
3.79056 0.00253984
3.7931 0.00253984
3.79564 0.00253984
3.79818 0.00253984
3.80072 0.00253984
3.80326 0.00253984
3.8058 0.00253984
3.80834 0.00253984
3.81087 0.00253984
3.81341 0.00253984
3.81595 0.00253984
3.81849 0.00253984
3.82103 0.00253984
3.82484 0.00126992
3.82611 0.00126992
3.82738 0.00126992
3.82865 0.00126992
3.82992 0.00126992
3.83119 0.00126992
3.83246 0.00126992
3.83373 0.00126992
3.835 0.00126992
3.83627 0.00126992
3.83754 0.00126992
3.83881 0.00126992
3.84008 0.00126992
3.84135 0.00126992
3.84262 0.00126992
3.84389 0.00126992
3.84516 0.00126992
3.84643 0.00126992
3.8477 0.00126992
3.84897 0.00126992
3.85024 0.00126992
3.85151 0.00126992
3.85278 0.00126992
3.85405 0.00126992
3.85532 0.00126992
3.85659 0.00126992
3.85786 0.00126992
3.85913 0.00126992
3.8604 0.00126992
3.86167 0.00126992
3.86294 0.00126992
3.86421 0.00126992
3.86548 0.00126992
3.86675 0.00126992
3.86802 0.00126992
3.86929 0.00126992
3.87056 0.00126992
3.87183 0.00126992
3.8731 0.00126992
3.87437 0.00126992
3.87564 0.00126992
3.87691 0.00126992
3.87818 0.00126992
3.87945 0.00126992
3.88072 0.00126992
3.88199 0.00126992
3.88326 0.00126992
3.88453 0.00126992
3.8858 0.00126992
3.88707 0.00126992
3.88834 0.00126992
3.88961 0.00126992
3.89088 0.00126992
3.89215 0.00126992
3.89342 0.00126992
3.89469 0.00126992
3.89596 0.00126992
3.89723 0.00126992
3.8985 0.00126992
3.89977 0.00126992
3.90104 0.00126992
3.90231 0.00126992
3.90358 0.00126992
3.90485 0.00126992
3.90612 0.00126992
3.90739 0.00126992
3.90866 0.00126992
3.90993 0.00126992
3.9112 0.00126992
3.91247 0.00126992
3.91374 0.00126992
3.91501 0.00126992
3.91628 0.00126992
3.91755 0.00126992
3.91882 0.00126992
3.92009 0.00126992
3.92136 0.00126992
3.92263 0.00126992
3.9239 0.00126992
3.92517 0.00126992
3.92644 0.00126992
3.92771 0.00126992
3.92898 0.00126992
3.93025 0.00126992
3.93152 0.00126992
3.93279 0.00126992
3.93406 0.00126992
3.93533 0.00126992
3.9366 0.00126992
3.93787 0.00126992
3.93914 0.00126992
3.94041 0.00126992
3.94168 0.00126992
3.94295 0.00126992
3.94422 0.00126992
3.94549 0.00126992
3.94676 0.00126992
3.94803 0.00126992
3.9493 0.00126992
3.95057 0.00126992
3.95184 0.00126992
3.95311 0.00126992
3.95438 0.00126992
3.95565 0.00126992
3.95692 0.00126992
3.95819 0.00126992
3.95946 0.00126992
3.96073 0.00126992
3.962 0.00126992
3.96327 0.00126992
3.96454 0.00126992
3.96581 0.00126992
3.96708 0.00126992
3.96835 0.00126992
3.96962 0.00126992
3.97089 0.00126992
3.97215 0.00126992
3.97342 0.00126992
3.97469 0.00126992
3.97596 0.00126992
3.97723 0.00126992
3.9785 0.00126992
3.97977 0.00126992
3.98104 0.00126992
3.98231 0.00126992
3.98358 0.00126992
3.98485 0.00126992
3.98612 0.00126992
3.98739 0.00126992
3.98866 0.00126992
3.98993 0.00126992
3.9912 0.00126992
3.99247 0.00126992
3.99374 0.00126992
3.99501 0.00126992
3.99628 0.00126992
3.99755 0.00126992
3.99882 0.00126992
4.00009 0.00126992
4.00136 0.00126992
4.00263 0.00126992
4.0039 0.00126992
4.00517 0.00126992
4.00644 0.00126992
4.00771 0.00126992
4.00898 0.00126992
4.01025 0.00126992
4.01152 0.00126992
4.01279 0.00126992
4.01406 0.00126992
4.01533 0.00126992
4.0166 0.00126992
4.01787 0.00126992
4.01914 0.00126992
4.02041 0.00126992
4.02168 0.00126992
4.02295 0.00126992
4.02422 0.00126992
4.02549 0.00126992
4.02676 0.00126992
4.02803 0.00126992
4.0293 0.00126992
4.03057 0.00126992
4.03184 0.00126992
4.03311 0.00126992
4.03438 0.00126992
4.03565 0.00126992
4.03692 0.00126992
4.03819 0.00126992
4.03946 0.00126992
4.04073 0.00126992
4.042 0.00126992
4.04327 0.00126992
4.04454 0.00126992
4.04581 0.00126992
4.04708 0.00126992
4.04835 0.00126992
4.04962 0.00126992
4.05089 0.00126992
4.05216 0.00126992
4.05343 0.00126992
4.0547 0.00126992
4.05597 0.00126992
4.05724 0.00126992
4.05851 0.00126992
4.05978 0.00126992
4.06105 0.00126992
4.06232 0.00126992
4.06359 0.00126992
4.06486 0.00126992
4.06613 0.00126992
4.0674 0.00126992
4.06867 0.00126992
4.06994 0.00126992
4.07121 0.00126992
4.07248 0.00126992
4.07375 0.00126992
4.07502 0.00126992
4.07629 0.00126992
4.07756 0.00126992
4.07883 0.00126992
4.0801 0.00126992
4.08137 0.00126992
4.08264 0.00126992
4.08391 0.00126992
4.08518 0.00126992
4.08645 0.00126992
4.08772 0.00126992
4.08899 0.00126992
4.09026 0.00126992
4.09153 0.00126992
4.0928 0.00126992
4.09407 0.00126992
4.09534 0.00126992
4.09661 0.00126992
4.09788 0.00126992
4.09915 0.00126992
4.10042 0.00126992
4.10169 0.00126992
4.10296 0.00126992
4.10423 0.00126992
4.1055 0.00126992
4.10677 0.00126992
4.10804 0.00126992
4.10931 0.00126992
4.11058 0.00126992
4.11185 0.00126992
4.11312 0.00126992
4.11439 0.00126992
4.11566 0.00126992
4.11693 0.00126992
4.1182 0.00126992
4.11947 0.00126992
4.12074 0.00126992
4.12201 0.00126992
4.12328 0.00126992
4.12455 0.00126992
4.12582 0.00126992
4.12709 0.00126992
4.12836 0.00126992
4.12963 0.00126992
4.1309 0.00126992
4.13217 0.00126992
4.13343 0.00126992
4.1347 0.00126992
4.13597 0.00126992
4.13724 0.00126992
4.13851 0.00126992
4.13978 0.00126992
4.14105 0.00126992
4.14232 0.00126992
4.14359 0.00126992
4.14486 0.00126992
4.14867 0.00253984
4.15121 0.00253984
4.15375 0.00253984
4.15629 0.00253984
4.15883 0.00253984
4.16137 0.00253984
4.16391 0.00253984
4.16645 0.00253984
4.16899 0.00253984
4.1728 0.00126992
4.17407 0.00126992
4.17534 0.00126992
4.17661 0.00126992
4.17788 0.00126992
4.17915 0.00126992
4.18042 0.00126992
4.18169 0.00126992
4.18296 0.00126992
4.18423 0.00126992
4.1855 0.00126992
4.18677 0.00126992
4.18804 0.00126992
4.18931 0.00126992
4.19058 0.00126992
4.19185 0.00126992
4.19312 0.00126992
4.19439 0.00126992
4.19566 0.00126992
4.19693 0.00126992
4.1982 0.00126992
4.19947 0.00126992
4.20074 0.00126992
4.20201 0.00126992
4.20328 0.00126992
4.20455 0.00126992
4.20582 0.00126992
4.20709 0.00126992
4.20836 0.00126992
4.20963 0.00126992
4.2109 0.00126992
4.21217 0.00126992
4.21344 0.00126992
4.21471 0.00126992
4.21598 0.00126992
4.21725 0.00126992
4.21852 0.00126992
4.21979 0.00126992
4.22106 0.00126992
4.22233 0.00126992
4.2236 0.00126992
4.22487 0.00126992
4.22614 0.00126992
4.22741 0.00126992
4.22868 0.00126992
4.22995 0.00126992
4.23122 0.00126992
4.23249 0.00126992
4.23376 0.00126992
4.23503 0.00126992
4.2363 0.00126992
4.23757 0.00126992
4.23884 0.00126992
4.24011 0.00126992
4.24138 0.00126992
4.24265 0.00126992
4.24392 0.00126992
4.24519 0.00126992
4.24646 0.00126992
4.24773 0.00126992
4.249 0.00126992
4.25027 0.00126992
4.25154 0.00126992
4.25281 0.00126992
4.25408 0.00126992
4.25535 0.00126992
4.25662 0.00126992
4.25789 0.00126992
4.25916 0.00126992
4.26043 0.00126992
4.2617 0.00126992
4.26297 0.00126992
4.26424 0.00126992
4.26551 0.00126992
4.26678 0.00126992
4.26805 0.00126992
4.26932 0.00126992
4.27059 0.00126992
4.27186 0.00126992
4.27313 0.00126992
4.2744 0.00126992
4.27567 0.00126992
4.27694 0.00126992
4.27821 0.00126992
4.27948 0.00126992
4.28075 0.00126992
4.28202 0.00126992
4.28329 0.00126992
4.28456 0.00126992
4.28583 0.00126992
4.2871 0.00126992
4.28837 0.00126992
4.28964 0.00126992
4.29091 0.00126992
4.29218 0.00126992
4.29345 0.00126992
4.29471 0.00126992
4.29598 0.00126992
4.29725 0.00126992
4.29852 0.00126992
4.29979 0.00126992
4.30106 0.00126992
4.30233 0.00126992
4.3036 0.00126992
4.30487 0.00126992
4.30614 0.00126992
4.30741 0.00126992
4.30868 0.00126992
4.30995 0.00126992
4.31122 0.00126992
4.31249 0.00126992
4.31376 0.00126992
4.31503 0.00126992
4.3163 0.00126992
4.31757 0.00126992
4.31884 0.00126992
4.32011 0.00126992
4.32138 0.00126992
4.32265 0.00126992
4.32392 0.00126992
4.32519 0.00126992
4.32646 0.00126992
4.32773 0.00126992
4.329 0.00126992
4.33027 0.00126992
4.33154 0.00126992
4.33281 0.00126992
4.33408 0.00126992
4.33535 0.00126992
4.33662 0.00126992
4.33789 0.00126992
4.33916 0.00126992
4.34043 0.00126992
4.3417 0.00126992
4.34297 0.00126992
4.34424 0.00126992
4.34551 0.00126992
4.34678 0.00126992
4.34805 0.00126992
4.34932 0.00126992
4.35059 0.00126992
4.35186 0.00126992
4.35313 0.00126992
4.3544 0.00126992
4.35567 0.00126992
4.35694 0.00126992
4.35821 0.00126992
4.35948 0.00126992
4.36075 0.00126992
4.36202 0.00126992
4.36329 0.00126992
4.36456 0.00126992
4.36583 0.00126992
4.3671 0.00126992
4.36837 0.00126992
4.36964 0.00126992
4.37091 0.00126992
4.37218 0.00126992
4.37345 0.00126992
4.37472 0.00126992
4.37599 0.00126992
4.37726 0.00126992
4.37853 0.00126992
4.3798 0.00126992
4.38107 0.00126992
4.38234 0.00126992
4.38361 0.00126992
4.38488 0.00126992
4.38615 0.00126992
4.38742 0.00126992
4.38869 0.00126992
4.38996 0.00126992
4.39123 0.00126992
4.3925 0.00126992
4.39377 0.00126992
4.39504 0.00126992
4.39631 0.00126992
4.39758 0.00126992
4.39885 0.00126992
4.40012 0.00126992
4.40139 0.00126992
4.40266 0.00126992
4.40393 0.00126992
4.4052 0.00126992
4.40647 0.00126992
4.40774 0.00126992
4.40901 0.00126992
4.41028 0.00126992
4.41155 0.00126992
4.41282 0.00126992
4.41409 0.00126992
4.41536 0.00126992
4.41663 0.00126992
4.4179 0.00126992
4.41917 0.00126992
4.42044 0.00126992
4.42171 0.00126992
4.42298 0.00126992
4.42425 0.00126992
4.42552 0.00126992
4.42679 0.00126992
4.42806 0.00126992
4.42933 0.00126992
4.4306 0.00126992
4.43187 0.00126992
4.43314 0.00126992
4.43441 0.00126992
4.43568 0.00126992
4.43695 0.00126992
4.43822 0.00126992
4.43949 0.00126992
4.44076 0.00126992
4.44203 0.00126992
4.4433 0.00126992
4.44457 0.00126992
4.44584 0.00126992
4.44711 0.00126992
4.44838 0.00126992
4.44965 0.00126992
4.45092 0.00126992
4.45219 0.00126992
4.45346 0.00126992
4.45473 0.00126992
4.45599 0.00126992
4.45726 0.00126992
4.45853 0.00126992
4.4598 0.00126992
4.46107 0.00126992
4.46234 0.00126992
4.46361 0.00126992
4.46488 0.00126992
4.46615 0.00126992
4.46742 0.00126992
4.46869 0.00126992
4.46996 0.00126992
4.47123 0.00126992
4.4725 0.00126992
4.47377 0.00126992
4.47504 0.00126992
4.47631 0.00126992
4.47758 0.00126992
4.47885 0.00126992
4.48012 0.00126992
4.48139 0.00126992
4.48266 0.00126992
4.48393 0.00126992
4.4852 0.00126992
4.48647 0.00126992
4.48774 0.00126992
4.48901 0.00126992
4.49028 0.00126992
4.49155 0.00126992
4.49282 0.00126992
4.49663 0.00253984
4.49917 0.00253984
4.50171 0.00253984
4.50425 0.00253984
4.50679 0.00253984
4.50933 0.00253984
4.51187 0.00253984
4.51441 0.00253984
4.51695 0.00253984
4.51949 0.00253984
4.52203 0.00253984
4.52457 0.00253984
4.52711 0.00253984
4.52965 0.00253984
4.53219 0.00253984
4.53473 0.00253984
4.53727 0.00253984
4.53981 0.00253984
4.54235 0.00253984
4.54489 0.00253984
4.5487 0.00126992
4.54997 0.00126992
4.55124 0.00126992
4.55251 0.00126992
4.55378 0.00126992
4.55505 0.00126992
4.55632 0.00126992
4.55759 0.00126992
4.55886 0.00126992
4.56013 0.00126992
4.5614 0.00126992
4.56267 0.00126992
4.56394 0.00126992
4.56521 0.00126992
4.56648 0.00126992
4.56775 0.00126992
4.56902 0.00126992
4.57029 0.00126992
4.57156 0.00126992
4.57283 0.00126992
4.5741 0.00126992
4.57537 0.00126992
4.57664 0.00126992
4.57791 0.00126992
4.57918 0.00126992
4.58045 0.00126992
4.58172 0.00126992
4.58299 0.00126992
4.58426 0.00126992
4.58553 0.00126992
4.5868 0.00126992
4.58807 0.00126992
4.58934 0.00126992
4.59061 0.00126992
4.59188 0.00126992
4.59315 0.00126992
4.59442 0.00126992
4.59569 0.00126992
4.59696 0.00126992
4.59823 0.00126992
4.5995 0.00126992
4.60077 0.00126992
4.60204 0.00126992
4.60331 0.00126992
4.60458 0.00126992
4.60585 0.00126992
4.60712 0.00126992
4.60839 0.00126992
4.60966 0.00126992
4.61093 0.00126992
4.6122 0.00126992
4.61347 0.00126992
4.61474 0.00126992
4.61601 0.00126992
4.61727 0.00126992
4.61854 0.00126992
4.61981 0.00126992
4.62108 0.00126992
4.62235 0.00126992
4.62362 0.00126992
4.62489 0.00126992
4.62616 0.00126992
4.62743 0.00126992
4.6287 0.00126992
4.62997 0.00126992
4.63124 0.00126992
4.63251 0.00126992
4.63378 0.00126992
4.63505 0.00126992
4.63632 0.00126992
4.63759 0.00126992
4.63886 0.00126992
4.64013 0.00126992
4.6414 0.00126992
4.64267 0.00126992
4.64394 0.00126992
4.64521 0.00126992
4.64648 0.00126992
4.64775 0.00126992
4.64902 0.00126992
4.65029 0.00126992
4.65156 0.00126992
4.65283 0.00126992
4.6541 0.00126992
4.65537 0.00126992
4.65664 0.00126992
4.65791 0.00126992
4.65918 0.00126992
4.66045 0.00126992
4.66172 0.00126992
4.66299 0.00126992
4.66426 0.00126992
4.66553 0.00126992
4.6668 0.00126992
4.66807 0.00126992
4.66934 0.00126992
4.67061 0.00126992
4.67188 0.00126992
4.67315 0.00126992
4.67442 0.00126992
4.67569 0.00126992
4.67696 0.00126992
4.67823 0.00126992
4.6795 0.00126992
4.68077 0.00126992
4.68204 0.00126992
4.68331 0.00126992
4.68458 0.00126992
4.68585 0.00126992
4.68712 0.00126992
4.68839 0.00126992
4.68966 0.00126992
4.69093 0.00126992
4.6922 0.00126992
4.69347 0.00126992
4.69474 0.00126992
4.69601 0.00126992
4.69728 0.00126992
4.69855 0.00126992
4.69982 0.00126992
4.70109 0.00126992
4.70236 0.00126992
4.70363 0.00126992
4.7049 0.00126992
4.70617 0.00126992
4.70744 0.00126992
4.70871 0.00126992
4.70998 0.00126992
4.71125 0.00126992
4.71252 0.00126992
4.71379 0.00126992
4.71506 0.00126992
4.71633 0.00126992
4.7176 0.00126992
4.71887 0.00126992
4.72014 0.00126992
4.72141 0.00126992
4.72268 0.00126992
4.72395 0.00126992
4.72522 0.00126992
4.72649 0.00126992
4.72776 0.00126992
4.72903 0.00126992
4.7303 0.00126992
4.73157 0.00126992
4.73284 0.00126992
4.73411 0.00126992
4.73538 0.00126992
4.73665 0.00126992
4.73792 0.00126992
4.73919 0.00126992
4.74046 0.00126992
4.74173 0.00126992
4.743 0.00126992
4.74427 0.00126992
4.74554 0.00126992
4.74681 0.00126992
4.74808 0.00126992
4.74935 0.00126992
4.75062 0.00126992
4.75189 0.00126992
4.75316 0.00126992
4.75443 0.00126992
4.7557 0.00126992
4.75697 0.00126992
4.75824 0.00126992
4.75951 0.00126992
4.76078 0.00126992
4.76205 0.00126992
4.76332 0.00126992
4.76459 0.00126992
4.76586 0.00126992
4.76713 0.00126992
4.7684 0.00126992
4.76967 0.00126992
4.77094 0.00126992
4.77221 0.00126992
4.77348 0.00126992
4.77475 0.00126992
4.77602 0.00126992
4.77729 0.00126992
4.77855 0.00126992
4.77982 0.00126992
4.78109 0.00126992
4.78236 0.00126992
4.78363 0.00126992
4.7849 0.00126992
4.78617 0.00126992
4.78744 0.00126992
4.78871 0.00126992
4.78998 0.00126992
4.79125 0.00126992
4.79252 0.00126992
4.79379 0.00126992
4.79506 0.00126992
4.79633 0.00126992
4.7976 0.00126992
4.79887 0.00126992
4.80014 0.00126992
4.80141 0.00126992
4.80268 0.00126992
4.80395 0.00126992
4.80522 0.00126992
4.80649 0.00126992
4.80776 0.00126992
4.80903 0.00126992
4.8103 0.00126992
4.81157 0.00126992
4.81284 0.00126992
4.81411 0.00126992
4.81538 0.00126992
4.81665 0.00126992
4.81792 0.00126992
4.81919 0.00126992
4.82046 0.00126992
4.82173 0.00126992
4.823 0.00126992
4.82427 0.00126992
4.82554 0.00126992
4.82681 0.00126992
4.82808 0.00126992
4.82935 0.00126992
4.83062 0.00126992
4.83189 0.00126992
4.83316 0.00126992
4.83443 0.00126992
4.8357 0.00126992
4.83697 0.00126992
4.83824 0.00126992
4.83951 0.00126992
4.84078 0.00126992
4.84205 0.00126992
4.84332 0.00126992
4.84459 0.00126992
4.84586 0.00126992
4.84713 0.00126992
4.8484 0.00126992
4.85221 0.00253984
4.85475 0.00253984
4.85729 0.00253984
4.85983 0.00253984
4.86364 0.00126992
4.86491 0.00126992
4.86618 0.00126992
4.86745 0.00126992
4.86872 0.00126992
4.86999 0.00126992
4.87126 0.00126992
4.87253 0.00126992
4.8738 0.00126992
4.87507 0.00126992
4.87634 0.00126992
4.87761 0.00126992
4.87888 0.00126992
4.88015 0.00126992
4.88142 0.00126992
4.88269 0.00126992
4.88396 0.00126992
4.88523 0.00126992
4.8865 0.00126992
4.88777 0.00126992
4.88904 0.00126992
4.89031 0.00126992
4.89158 0.00126992
4.89285 0.00126992
4.89412 0.00126992
4.89539 0.00126992
4.89666 0.00126992
4.89793 0.00126992
4.8992 0.00126992
4.90047 0.00126992
4.90174 0.00126992
4.90301 0.00126992
4.90428 0.00126992
4.90555 0.00126992
4.90682 0.00126992
4.90809 0.00126992
4.90936 0.00126992
4.91063 0.00126992
4.9119 0.00126992
4.91317 0.00126992
4.91444 0.00126992
4.91571 0.00126992
4.91698 0.00126992
4.91825 0.00126992
4.92015 0.000634961
4.92079 0.000634961
4.92142 0.000634961
4.92206 0.000634961
4.92269 0.000634961
4.92333 0.000634961
4.92396 0.000634961
4.9246 0.000634961
4.92523 0.000634961
4.92587 0.000634961
4.9265 0.000634961
4.92714 0.000634961
4.92777 0.000634961
4.92841 0.000634961
4.92904 0.000634961
4.92968 0.000634961
4.93031 0.000634961
4.93095 0.000634961
4.93158 0.000634961
4.93222 0.000634961
4.93285 0.000634961
4.93349 0.000634961
4.93412 0.000634961
4.93476 0.000634961
4.93539 0.000634961
4.93603 0.000634961
4.93666 0.000634961
4.9373 0.000634961
4.93793 0.000634961
4.93857 0.000634961
4.9392 0.000634961
4.93983 0.000634961
4.94047 0.000634961
4.9411 0.000634961
4.94174 0.000634961
4.94237 0.000634961
4.94301 0.000634961
4.94364 0.000634961
4.94428 0.000634961
4.94491 0.000634961
4.94555 0.000634961
4.94618 0.000634961
4.94682 0.000634961
4.94745 0.000634961
4.94809 0.000634961
4.94872 0.000634961
4.94936 0.000634961
4.94999 0.000634961
4.95063 0.000634961
4.95126 0.000634961
4.9519 0.000634961
4.95253 0.000634961
4.95317 0.000634961
4.9538 0.000634961
4.95444 0.000634961
4.95507 0.000634961
4.95571 0.000634961
4.95634 0.000634961
4.95698 0.000634961
4.95761 0.000634961
4.95825 0.000634961
4.95888 0.000634961
4.95952 0.000634961
4.96015 0.000634961
4.96079 0.000634961
4.96142 0.000634961
4.96206 0.000634961
4.96269 0.000634961
4.96333 0.000634961
4.96396 0.000634961
4.9646 0.000634961
4.96523 0.000634961
4.96587 0.000634961
4.9665 0.000634961
4.96714 0.000634961
4.96777 0.000634961
4.96841 0.000634961
4.96904 0.000634961
4.96968 0.000634961
4.97158 0.00126992
4.97285 0.00126992
4.97412 0.00126992
4.97539 0.00126992
4.97666 0.00126992
4.97793 0.00126992
4.9792 0.00126992
4.98047 0.00126992
4.98174 0.00126992
4.98301 0.00126992
4.98428 0.00126992
4.98555 0.00126992
4.98682 0.00126992
4.98809 0.00126992
4.98936 0.00126992
4.99063 0.00126992
4.9919 0.00126992
4.99317 0.00126992
4.99444 0.00126992
4.99571 0.00126992
4.99698 0.00126992
4.99825 0.00126992
4.99952 0.00126992
#
0.00015874 0.00015874
0.00047622 0.00031748
0.00111118 0.000634961
0.0023811 0.00126992
0.00492094 0.00253984
0.0100006 0.00507969
0.02016 0.0101594
0.101435 0.0203187
0.741475 0.0101594
1.29008 0.00507969
1.33072 0.0101594
1.56438 0.00507969
2.16125 0.00253984
2.20188 0.00507969
2.36697 0.00253984
2.40761 0.00126992
2.97908 0.00253984
3.28767 0.00126992
3.31815 0.00253984
3.32323 0.00507969
3.35116 0.00253984
3.69658 0.00126992
3.82357 0.00253984
4.14613 0.00126992
4.17153 0.00253984
4.49409 0.00126992
4.54743 0.00253984
4.84967 0.00126992
4.86237 0.00253984
4.91952 0.00126992
4.97031 0.000634961
