2p|r.;b.|Choice 'h' for RKM_auto with p = 4|x|h
0.162845 0.0840489
0.246894 0.0840489
0.330943 0.0840489
0.414991 0.0840489
0.49904 0.0840489
0.583089 0.0840489
0.667138 0.0840489
0.751187 0.0840489
0.835236 0.0840489
0.919285 0.0840489
1.04536 0.0420245
1.08738 0.0420245
1.12941 0.0420245
1.17143 0.0420245
1.33953 0.0420245
1.38155 0.0420245
1.42358 0.0420245
1.4656 0.0420245
1.50763 0.0420245
1.54965 0.0420245
1.59168 0.0420245
1.65471 0.0210122
1.67573 0.0210122
1.69674 0.0210122
1.71775 0.0210122
1.73876 0.0210122
1.75977 0.0210122
1.78079 0.0210122
1.8018 0.0210122
1.82281 0.0210122
1.84382 0.0210122
1.86484 0.0210122
1.88585 0.0210122
1.90686 0.0210122
1.92787 0.0210122
1.94888 0.0210122
1.9699 0.0210122
2.05395 0.0210122
2.07496 0.0210122
2.09597 0.0210122
2.11698 0.0210122
2.13799 0.0210122
2.15901 0.0210122
2.18002 0.0210122
2.20103 0.0210122
2.28508 0.0210122
2.30609 0.0210122
2.3271 0.0210122
2.34812 0.0210122
2.36913 0.0210122
2.39014 0.0210122
2.41115 0.0210122
2.43217 0.0210122
2.45318 0.0210122
2.47419 0.0210122
2.4952 0.0210122
2.51621 0.0210122
2.53723 0.0210122
2.55824 0.0210122
2.57925 0.0210122
2.60026 0.0210122
2.62128 0.0210122
2.64229 0.0210122
2.6633 0.0210122
2.68431 0.0210122
2.70532 0.0210122
2.72634 0.0210122
2.74735 0.0210122
2.76836 0.0210122
2.78937 0.0210122
2.81039 0.0210122
2.8314 0.0210122
2.85241 0.0210122
2.87342 0.0210122
2.89443 0.0210122
2.91545 0.0210122
2.93646 0.0210122
2.95747 0.0210122
2.97848 0.0210122
2.9995 0.0210122
3.03101 0.0105061
3.04152 0.0105061
3.05203 0.0105061
3.06253 0.0105061
3.07304 0.0105061
3.08354 0.0105061
3.09405 0.0105061
3.10456 0.0105061
3.11506 0.0105061
3.12557 0.0105061
3.13607 0.0105061
3.14658 0.0105061
3.15709 0.0105061
3.18861 0.0210122
3.20962 0.0210122
3.23063 0.0210122
3.25164 0.0210122
3.30417 0.0210122
3.32518 0.0210122
3.3462 0.0210122
3.36721 0.0210122
3.38822 0.0210122
3.40923 0.0210122
3.43025 0.0210122
3.45126 0.0210122
3.47227 0.0210122
3.49328 0.0210122
3.5248 0.0105061
3.53531 0.0105061
3.54581 0.0105061
3.55632 0.0105061
3.56683 0.0105061
3.57733 0.0105061
3.58784 0.0105061
3.59834 0.0105061
3.60885 0.0105061
3.61936 0.0105061
3.62986 0.0105061
3.64037 0.0105061
3.65087 0.0105061
3.66138 0.0105061
3.6929 0.0210122
3.71391 0.0210122
3.73492 0.0210122
3.75594 0.0210122
3.77695 0.0210122
3.79796 0.0210122
3.85049 0.0210122
3.88201 0.0105061
3.89251 0.0105061
3.90302 0.0105061
3.91353 0.0105061
3.92403 0.0105061
3.93454 0.0105061
3.94505 0.0105061
3.95555 0.0105061
3.96606 0.0105061
3.97656 0.0105061
3.98707 0.0105061
3.99758 0.0105061
4.00808 0.0105061
4.01859 0.0105061
4.02909 0.0105061
4.0396 0.0105061
4.05011 0.0105061
4.09213 0.0105061
4.10264 0.0105061
4.11314 0.0105061
4.12365 0.0105061
4.13416 0.0105061
4.14466 0.0105061
4.15517 0.0105061
4.18669 0.0210122
4.2182 0.0105061
4.22871 0.0105061
4.23922 0.0105061
4.24972 0.0105061
4.26023 0.0105061
4.30225 0.0105061
4.31276 0.0105061
4.32327 0.0105061
4.33377 0.0105061
4.34428 0.0105061
4.35478 0.0105061
4.36529 0.0105061
4.3758 0.0105061
4.3863 0.0105061
4.39681 0.0105061
4.40731 0.0105061
4.41782 0.0105061
4.42833 0.0105061
4.43883 0.0105061
4.44934 0.0105061
4.45985 0.0105061
4.47035 0.0105061
4.48086 0.0105061
4.49136 0.0105061
4.50187 0.0105061
4.53339 0.0210122
4.56491 0.0105061
4.57541 0.0105061
4.58592 0.0105061
4.59642 0.0105061
4.60693 0.0105061
4.61744 0.0105061
4.62794 0.0105061
4.63845 0.0105061
4.64896 0.0105061
4.65946 0.0105061
4.66997 0.0105061
4.68047 0.0105061
4.69098 0.0105061
4.70149 0.0105061
4.71199 0.0105061
4.7225 0.0105061
4.733 0.0105061
4.74351 0.0105061
4.75402 0.0105061
4.76452 0.0105061
4.77503 0.0105061
4.78553 0.0105061
4.79604 0.0105061
4.80655 0.0105061
4.81705 0.0105061
4.82756 0.0105061
4.83807 0.0105061
4.84857 0.0105061
4.85908 0.0105061
4.9011 0.0105061
4.91161 0.0105061
4.92211 0.0105061
4.93262 0.0105061
4.94313 0.0105061
4.95363 0.0105061
4.96414 0.0105061
4.97464 0.0105061
4.98515 0.0105061
4.99566 0.0105061
#
0.00525306 0.00525306
0.0157592 0.0105061
0.0367714 0.0210122
0.0787958 0.0420245
1.00333 0.0840489
1.21346 0.0420245
1.2975 0.0840489
1.6337 0.0420245
1.99091 0.0210122
2.03293 0.0420245
2.22204 0.0210122
2.26407 0.0420245
3.02051 0.0210122
3.16759 0.0105061
3.27265 0.0210122
3.28316 0.0105061
3.51429 0.0210122
3.67189 0.0105061
3.81897 0.0210122
3.82948 0.0105061
3.8715 0.0210122
4.06061 0.0105061
4.08163 0.0210122
4.16567 0.0105061
4.2077 0.0210122
4.27074 0.0105061
4.29175 0.0210122
4.51238 0.0105061
4.5544 0.0210122
4.86958 0.0105061
4.8906 0.0210122
