1p|def|Quality for RKM_auto with p = 2|x|Quality
0.00015874 0.920277
0.00047622 1.00625
0.00111118 1.02858
0.0023811 1.03737
0.00492094 1.04127
0.0100006 1.04313
0.02016 1.04406
0.0404787 1.04465
0.0607975 1.65265
0.0811162 2.20618
0.101435 1.99185
0.111594 15.1062
0.121754 14.8555
0.131913 14.7291
0.142072 14.7007
0.152232 14.7511
0.162391 14.8663
0.172551 15.0354
0.18271 15.2503
0.192869 15.5045
0.203029 15.7932
0.213188 16.1122
0.223347 16.4585
0.233507 16.8294
0.243666 17.2229
0.253826 17.6373
0.263985 18.0713
0.274144 18.5236
0.284304 18.9935
0.294463 19.4801
0.304622 19.9827
0.314782 20.5008
0.324941 21.0338
0.3351 21.5812
0.34526 22.1424
0.355419 22.7169
0.365579 23.304
0.375738 23.9029
0.385897 24.5128
0.396057 25.1325
0.406216 25.7606
0.416375 26.3956
0.426535 27.0357
0.436694 27.6785
0.446854 28.3214
0.457013 28.9615
0.467172 29.5951
0.477332 30.2185
0.487491 30.8274
0.49765 31.4171
0.50781 31.9827
0.517969 32.5191
0.528129 33.0212
0.538288 33.4844
0.548447 33.904
0.558607 34.2764
0.568766 34.5987
0.578925 34.8692
0.589085 35.0874
0.599244 35.2542
0.609403 35.3719
0.619563 35.4444
0.629722 35.4763
0.639882 35.4737
0.650041 35.4432
0.6602 35.3919
0.67036 35.3272
0.680519 35.2563
0.690678 35.1848
0.700838 35.1216
0.710997 35.0716
0.721157 35.0399
0.731316 35.0309
0.741475 34.3628
0.746555 269.711
0.751635 267.321
0.756714 265.022
0.761794 262.815
0.766874 260.702
0.771953 258.682
0.777033 256.757
0.782113 254.925
0.787192 253.188
0.792272 251.544
0.797352 249.993
0.802431 248.535
0.807511 247.169
0.812591 245.895
0.817671 244.71
0.82275 243.615
0.82783 242.608
0.83291 241.689
0.837989 240.855
0.843069 240.107
0.848149 239.443
0.853228 238.861
0.858308 238.361
0.863388 237.941
0.868467 237.601
0.873547 237.339
0.878627 237.154
0.883706 237.044
0.888786 237.01
0.893866 237.049
0.898946 237.162
0.904025 237.346
0.909105 237.602
0.914185 237.927
0.919264 238.322
0.924344 238.785
0.929424 239.317
0.934503 239.915
0.939583 240.58
0.944663 241.311
0.949742 242.134
0.954822 242.998
0.959902 243.928
0.964981 244.922
0.970061 245.981
0.975141 247.103
0.98022 248.29
0.9853 249.541
0.99038 250.856
0.99546 252.236
1.00054 253.679
1.00562 255.188
1.0107 256.761
1.01578 258.4
1.02086 260.104
1.02594 261.875
1.03102 263.714
1.0361 265.621
1.04118 267.597
1.04626 269.643
1.05134 271.761
1.05642 273.952
1.0615 276.218
1.06658 278.56
1.07165 280.98
1.07673 283.48
1.08181 286.063
1.08689 288.732
1.09197 291.488
1.09705 294.336
1.10213 297.279
1.10721 300.32
1.11229 303.464
1.11737 306.715
1.12245 310.078
1.12753 313.558
1.13261 317.162
1.13769 320.894
1.14277 324.763
1.14785 328.776
1.15293 332.941
1.15801 337.265
1.16309 341.759
1.16817 346.432
1.17325 351.295
1.17833 356.359
1.18341 361.583
1.18849 367.077
1.19357 372.805
1.19865 378.781
1.20373 385.016
1.20881 391.52
1.21389 398.303
1.21897 405.37
1.22405 412.724
1.22913 420.361
1.2342 428.271
1.23928 436.431
1.24436 444.804
1.24944 453.333
1.25452 461.936
1.2596 470.5
1.26468 478.871
1.26976 486.845
1.27484 494.168
1.27992 500.522
1.285 505.534
1.29008 508.783
1.30024 63.5868
1.3104 62.7297
1.32056 60.1271
1.33072 55.7019
1.3358 416.617
1.34088 393.143
1.34596 369.115
1.35104 345.094
1.35612 321.538
1.3612 298.8
1.36628 277.126
1.37136 256.675
1.37644 237.533
1.38152 219.73
1.3866 203.258
1.39167 188.081
1.39675 174.146
1.40183 161.425
1.40691 149.78
1.41199 139.176
1.41707 129.547
1.42215 120.827
1.42723 112.955
1.43231 105.873
1.43739 99.5258
1.44247 93.8636
1.44755 88.8377
1.45263 84.4024
1.45771 80.5139
1.46279 77.13
1.46787 74.21
1.47295 71.714
1.47803 69.6036
1.48311 67.8417
1.48819 66.3926
1.49327 65.2221
1.49835 64.2984
1.50343 63.5916
1.50851 63.0743
1.51359 62.7214
1.51867 62.5104
1.52375 62.4214
1.52883 62.4367
1.53391 62.5408
1.53899 62.7205
1.54407 62.9642
1.54915 63.2622
1.55422 63.6063
1.5593 63.9897
1.56438 63.8169
1.56692 503.812
1.56946 503.284
1.572 502.799
1.57454 502.354
1.57708 501.949
1.57962 501.583
1.58216 501.255
1.5847 500.963
1.58724 500.708
1.58978 500.488
1.59232 500.304
1.59486 500.156
1.5974 500.044
1.59994 500.051
1.60248 500.015
1.60502 500.015
1.60756 500.053
1.6101 500.128
1.61264 500.243
1.61518 500.398
1.61772 500.594
1.62026 500.833
1.6228 501.115
1.62534 501.441
1.62788 501.814
1.63042 502.236
1.63296 502.707
1.6355 503.229
1.63804 503.805
1.64058 504.437
1.64312 505.126
1.64566 505.874
1.6482 506.685
1.65074 507.561
1.65328 508.503
1.65582 509.515
1.65836 510.6
1.6609 511.759
1.66344 512.997
1.66598 514.316
1.66852 515.719
1.67106 517.209
1.6736 518.79
1.67614 520.465
1.67868 522.238
1.68122 524.111
1.68376 526.089
1.6863 528.174
1.68884 530.371
1.69138 532.684
1.69392 535.114
1.69646 537.668
1.699 540.347
1.70154 543.155
1.70408 546.095
1.70662 549.171
1.70916 552.385
1.7117 555.74
1.71423 559.238
1.71677 562.882
1.71931 566.671
1.72185 570.609
1.72439 574.694
1.72693 578.927
1.72947 583.306
1.73201 587.829
1.73455 592.492
1.73709 597.292
1.73963 602.223
1.74217 607.278
1.74471 612.447
1.74725 617.721
1.74979 623.086
1.75233 628.529
1.75487 634.033
1.75741 639.579
1.75995 645.146
1.76249 650.709
1.76503 656.244
1.76757 661.72
1.77011 667.107
1.77265 672.371
1.77519 677.476
1.77773 682.385
1.78027 687.058
1.78281 691.456
1.78535 695.495
1.78789 699.217
1.79043 702.54
1.79297 705.426
1.79551 707.836
1.79805 709.737
1.80059 711.097
1.80313 711.889
1.80567 712.091
1.80821 711.686
1.81075 710.662
1.81329 709.015
1.81583 706.745
1.81837 703.857
1.82091 700.366
1.82345 696.289
1.82599 691.647
1.82853 686.47
1.83107 680.787
1.83361 674.632
1.83615 668.042
1.83869 661.054
1.84123 653.708
1.84377 646.041
1.84631 638.093
1.84885 629.901
1.85139 621.502
1.85393 612.931
1.85647 604.219
1.85901 595.399
1.86155 586.498
1.86409 577.544
1.86663 568.559
1.86917 559.565
1.87171 550.582
1.87425 541.626
1.87678 532.714
1.87932 523.857
1.88186 515.067
1.8844 506.354
1.88694 497.725
1.88948 489.188
1.89202 480.748
1.89456 472.409
1.8971 464.174
1.89964 456.045
1.90218 448.024
1.90472 440.111
1.90726 432.306
1.9098 424.61
1.91234 417.02
1.91488 409.536
1.91742 402.156
1.91996 394.877
1.9225 387.696
1.92504 380.613
1.92758 373.623
1.93012 366.723
1.93266 359.911
1.9352 353.183
1.93774 346.536
1.94028 339.967
1.94282 333.472
1.94536 327.047
1.9479 320.689
1.95044 314.395
1.95298 308.161
1.95552 301.984
1.95806 295.862
1.9606 289.787
1.96314 283.758
1.96568 277.772
1.96822 271.825
1.97076 265.914
1.9733 260.036
1.97584 254.186
1.97838 248.363
1.98092 242.563
1.98346 236.783
1.986 231.02
1.98854 225.272
1.99108 219.536
1.99362 213.81
1.99616 208.091
1.9987 202.378
2.00124 196.67
2.00378 190.966
2.00632 185.265
2.00886 179.568
2.0114 173.877
2.01394 168.193
2.01648 162.521
2.01902 156.865
2.02156 151.234
2.0241 145.638
2.02664 140.089
2.02918 134.606
2.03172 129.211
2.03426 123.931
2.03679 118.804
2.03933 113.875
2.04187 109.201
2.04441 104.852
2.04695 100.912
2.04949 97.48
2.05203 94.6714
2.05457 92.6109
2.05711 91.4278
2.05965 91.2465
2.06219 92.1743
2.06473 94.2915
2.06727 97.6452
2.06981 102.249
2.07235 108.092
2.07489 115.141
2.07743 123.361
2.07997 132.715
2.08251 143.174
2.08505 154.721
2.08759 167.355
2.09013 181.085
2.09267 195.939
2.09521 211.96
2.09775 229.206
2.10029 247.75
2.10283 267.687
2.10537 289.126
2.10791 312.201
2.11045 337.067
2.11299 363.909
2.11553 392.942
2.11807 424.419
2.12061 458.641
2.12315 495.961
2.12569 536.8
2.12823 581.661
2.13077 631.152
2.13331 686.008
2.13585 747.134
2.13839 815.646
2.14093 892.944
2.14347 980.803
2.14601 1081.5
2.14855 1198.03
2.15109 1334.34
2.15363 1495.82
2.15617 1689.95
2.15871 1927.4
2.16125 2223.85
2.16633 361.287
2.17141 538.452
2.17649 899.64
2.18157 1288.15
2.18665 910.307
2.19173 601.351
2.19681 445.175
2.20188 356
2.20442 2478.32
2.20696 2294.79
2.2095 2141.62
2.21204 2012.01
2.21458 1901.03
2.21712 1805.03
2.21966 1721.24
2.2222 1647.54
2.22474 1582.26
2.22728 1524.11
2.22982 1472
2.23236 1425.11
2.2349 1382.71
2.23744 1344.24
2.23998 1309.2
2.24252 1277.2
2.24506 1247.89
2.2476 1220.98
2.25014 1196.22
2.25268 1173.38
2.25522 1152.29
2.25776 1132.79
2.2603 1114.73
2.26284 1097.98
2.26538 1082.43
2.26792 1068
2.27046 1054.59
2.273 1042.13
2.27554 1030.54
2.27808 1019.77
2.28062 1009.77
2.28316 1000.48
2.2857 991.857
2.28824 983.865
2.29078 976.466
2.29332 969.628
2.29586 963.321
2.2984 957.518
2.30094 952.195
2.30348 947.33
2.30602 942.903
2.30856 938.895
2.3111 935.29
2.31364 932.073
2.31618 929.229
2.31872 926.746
2.32126 924.614
2.3238 922.821
2.32634 921.358
2.32888 920.218
2.33142 919.392
2.33396 918.873
2.3365 918.656
2.33904 918.736
2.34158 919.107
2.34412 919.765
2.34666 920.707
2.3492 921.93
2.35174 923.431
2.35428 925.207
2.35682 927.259
2.35935 929.583
2.36189 932.179
2.36443 935.046
2.36697 937.437
2.36824 7521.97
2.36951 7533.38
2.37078 7545.3
2.37205 7557.76
2.37332 7570.73
2.37459 7584.22
2.37586 7598.24
2.37713 7612.78
2.3784 7627.84
2.37967 7643.42
2.38094 7659.53
2.38221 7676.16
2.38348 7693.31
2.38475 7710.99
2.38602 7729.19
2.38729 7747.91
2.38856 7767.16
2.38983 7786.93
2.3911 7807.23
2.39237 7828.06
2.39364 7849.4
2.39491 7871.27
2.39618 7893.67
2.39745 7916.59
2.39872 7940.02
2.39999 7963.98
2.40126 7988.46
2.40253 8013.46
2.4038 8038.97
2.40507 8064.99
2.40634 8091.53
2.40761 8118.56
2.41015 1018.63
2.41269 1026.43
2.41523 1034.48
2.41777 1042.78
2.42031 1051.33
2.42285 1060.1
2.42539 1069.08
2.42793 1078.27
2.43047 1087.64
2.43301 1097.16
2.43555 1106.82
2.43809 1116.59
2.44063 1126.42
2.44317 1136.29
2.44571 1146.14
2.44825 1155.92
2.45079 1165.58
2.45333 1175.06
2.45587 1184.28
2.45841 1193.17
2.46095 1201.65
2.46349 1209.63
2.46603 1217.01
2.46857 1223.71
2.47111 1229.62
2.47365 1234.65
2.47619 1238.7
2.47873 1241.67
2.48127 1243.48
2.48381 1244.05
2.48635 1243.32
2.48889 1241.23
2.49143 1237.75
2.49397 1232.86
2.49651 1226.57
2.49905 1218.91
2.50159 1209.91
2.50413 1199.64
2.50667 1188.19
2.50921 1175.65
2.51175 1162.13
2.51429 1147.76
2.51683 1132.67
2.51937 1116.97
2.5219 1100.81
2.52444 1084.32
2.52698 1067.62
2.52952 1050.83
2.53206 1034.06
2.5346 1017.41
2.53714 1000.98
2.53968 984.837
2.54222 969.062
2.54476 953.713
2.5473 938.842
2.54984 924.492
2.55238 910.697
2.55492 897.483
2.55746 884.871
2.56 872.846
2.56254 861.471
2.56508 850.725
2.56762 840.606
2.57016 831.113
2.5727 822.238
2.57524 813.975
2.57778 806.312
2.58032 799.239
2.58286 792.742
2.5854 786.809
2.58794 781.425
2.59048 776.576
2.59302 772.249
2.59556 768.428
2.5981 765.1
2.60064 762.251
2.60318 759.867
2.60572 757.936
2.60826 756.446
2.6108 755.383
2.61334 754.738
2.61588 754.499
2.61842 754.656
2.62096 755.2
2.6235 756.123
2.62604 757.415
2.62858 759.07
2.63112 761.081
2.63366 763.442
2.6362 766.146
2.63874 769.189
2.64128 772.566
2.64382 776.274
2.64636 780.309
2.6489 784.668
2.65144 789.35
2.65398 794.351
2.65652 799.672
2.65906 805.311
2.6616 811.268
2.66414 817.543
2.66668 824.137
2.66922 831.051
2.67176 838.287
2.6743 845.847
2.67684 853.733
2.67938 861.95
2.68191 870.5
2.68445 879.388
2.68699 888.619
2.68953 898.198
2.69207 908.132
2.69461 918.507
2.69715 929.177
2.69969 940.225
2.70223 951.66
2.70477 963.492
2.70731 975.733
2.70985 988.394
2.71239 1001.49
2.71493 1015.03
2.71747 1029.04
2.72001 1043.53
2.72255 1058.52
2.72509 1074.03
2.72763 1090.09
2.73017 1106.71
2.73271 1123.93
2.73525 1141.77
2.73779 1160.26
2.74033 1179.44
2.74287 1199.33
2.74541 1219.99
2.74795 1241.43
2.75049 1263.69
2.75303 1286.82
2.75557 1310.85
2.75811 1335.8
2.76065 1361.7
2.76319 1388.56
2.76573 1416.37
2.76827 1445.11
2.77081 1474.73
2.77335 1505.12
2.77589 1536.13
2.77843 1567.54
2.78097 1599.05
2.78351 1630.23
2.78605 1660.55
2.78859 1689.31
2.79113 1715.67
2.79367 1738.65
2.79621 1757.14
2.79875 1769.97
2.80129 1775.97
2.80383 1774.15
2.80637 1763.75
2.80891 1744.42
2.81145 1716.29
2.81399 1679.97
2.81653 1636.54
2.81907 1587.4
2.82161 1534.04
2.82415 1478.27
2.82669 1421.49
2.82923 1365.02
2.83177 1309.91
2.83431 1256.96
2.83685 1206.75
2.83939 1159.62
2.84193 1115.75
2.84446 1075.19
2.847 1037.88
2.84954 1003.69
2.85208 972.458
2.85462 943.979
2.85716 918.043
2.8597 894.433
2.86224 872.939
2.86478 853.358
2.86732 835.5
2.86986 819.187
2.8724 804.259
2.87494 790.568
2.87748 777.98
2.88002 766.377
2.88256 755.651
2.8851 745.709
2.88764 736.466
2.89018 727.849
2.89272 719.792
2.89526 712.238
2.8978 705.138
2.90034 698.448
2.90288 692.131
2.90542 686.152
2.90796 680.484
2.9105 675.103
2.91304 669.988
2.91558 665.12
2.91812 660.485
2.92066 656.07
2.9232 651.865
2.92574 647.86
2.92828 644.049
2.93082 640.427
2.93336 636.99
2.9359 633.734
2.93844 630.658
2.94098 627.762
2.94352 625.002
2.94606 622.465
2.9486 620.112
2.95114 617.945
2.95368 615.968
2.95622 614.185
2.95876 612.602
2.9613 611.225
2.96384 610.061
2.96638 609.117
2.96892 608.402
2.97146 607.925
2.974 607.696
2.97654 607.726
2.97908 607.405
2.98035 4823.09
2.98162 4823.58
2.98289 4824.67
2.98416 4826.38
2.98543 4828.72
2.9867 4831.72
2.98797 4835.39
2.98924 4839.75
2.99051 4844.8
2.99178 4850.58
2.99305 4857.1
2.99432 4864.37
2.99559 4872.43
2.99686 4881.28
2.99813 4890.95
2.9994 4901.46
3.00067 4912.84
3.00194 4925.1
3.00321 4938.27
3.00447 4952.37
3.00574 4967.43
3.00701 4983.47
3.00828 5000.51
3.00955 5018.58
3.01082 5037.7
3.01209 5057.91
3.01336 5079.22
3.01463 5101.66
3.0159 5125.26
3.01717 5150.04
3.01844 5176.03
3.01971 5203.25
3.02098 5231.73
3.02225 5261.49
3.02352 5292.55
3.02479 5324.93
3.02606 5358.67
3.02733 5393.76
3.0286 5430.24
3.02987 5468.11
3.03114 5507.39
3.03241 5548.09
3.03368 5590.22
3.03495 5633.77
3.03622 5678.75
3.03749 5725.16
3.03876 5772.98
3.04003 5822.2
3.0413 5872.8
3.04257 5924.76
3.04384 5978.03
3.04511 6032.58
3.04638 6088.37
3.04765 6145.32
3.04892 6203.38
3.05019 6262.47
3.05146 6322.5
3.05273 6383.39
3.054 6445
3.05527 6507.24
3.05654 6569.97
3.05781 6633.04
3.05908 6696.29
3.06035 6759.57
3.06162 6822.81
3.06289 6885.58
3.06416 6947.8
3.06543 7009.26
3.0667 7069.73
3.06797 7128.99
3.06924 7186.81
3.07051 7242.95
3.07178 7297.16
3.07305 7349.21
3.07432 7398.86
3.07559 7445.86
3.07686 7490.01
3.07813 7531.07
3.0794 7568.85
3.08067 7603.15
3.08194 7633.8
3.08321 7660.65
3.08448 7683.57
3.08575 7702.45
3.08702 7717.2
3.08829 7727.78
3.08956 7734.14
3.09083 7736.28
3.0921 7734.22
3.09337 7728
3.09464 7717.7
3.09591 7703.4
3.09718 7685.22
3.09845 7663.28
3.09972 7637.73
3.10099 7608.74
3.10226 7576.48
3.10353 7541.12
3.1048 7502.86
3.10607 7461.89
3.10734 7418.41
3.10861 7372.62
3.10988 7324.71
3.11115 7274.89
3.11242 7223.33
3.11369 7170.23
3.11496 7115.76
3.11623 7060.1
3.1175 7003.41
3.11877 6945.84
3.12004 6887.55
3.12131 6828.67
3.12258 6769.34
3.12385 6709.67
3.12512 6649.77
3.12639 6589.76
3.12766 6529.72
3.12893 6469.74
3.1302 6409.91
3.13147 6350.3
3.13274 6290.96
3.13401 6231.97
3.13528 6173.37
3.13655 6115.21
3.13782 6057.53
3.13909 6000.37
3.14036 5943.77
3.14163 5887.74
3.1429 5832.32
3.14417 5777.52
3.14544 5723.37
3.14671 5669.86
3.14798 5617.03
3.14925 5564.87
3.15052 5513.39
3.15179 5462.6
3.15306 5412.49
3.15433 5363.08
3.1556 5314.35
3.15687 5266.31
3.15814 5218.95
3.15941 5172.27
3.16068 5126.27
3.16195 5080.93
3.16322 5036.25
3.16449 4992.23
3.16575 4948.85
3.16702 4906.11
3.16829 4863.99
3.16956 4822.49
3.17083 4781.6
3.1721 4741.31
3.17337 4701.61
3.17464 4662.48
3.17591 4623.92
3.17718 4585.91
3.17845 4548.45
3.17972 4511.53
3.18099 4475.13
3.18226 4439.25
3.18353 4403.86
3.1848 4368.97
3.18607 4334.56
3.18734 4300.62
3.18861 4267.14
3.18988 4234.11
3.19115 4201.51
3.19242 4169.34
3.19369 4137.59
3.19496 4106.25
3.19623 4075.3
3.1975 4044.73
3.19877 4014.54
3.20004 3984.72
3.20131 3955.25
3.20258 3926.12
3.20385 3897.33
3.20512 3868.86
3.20639 3840.71
3.20766 3812.85
3.20893 3785.3
3.2102 3758.02
3.21147 3731.02
3.21274 3704.28
3.21401 3677.79
3.21528 3651.54
3.21655 3625.53
3.21782 3599.74
3.21909 3574.15
3.22036 3548.77
3.22163 3523.58
3.2229 3498.56
3.22417 3473.72
3.22544 3449.03
3.22671 3424.48
3.22798 3400.07
3.22925 3375.77
3.23052 3351.59
3.23179 3327.5
3.23306 3303.5
3.23433 3279.57
3.2356 3255.69
3.23687 3231.86
3.23814 3208.06
3.23941 3184.27
3.24068 3160.49
3.24195 3136.68
3.24322 3112.84
3.24449 3088.96
3.24576 3065
3.24703 3040.96
3.2483 3016.82
3.24957 2992.55
3.25084 2968.13
3.25211 2943.55
3.25338 2918.77
3.25465 2893.78
3.25592 2868.56
3.25719 2843.06
3.25846 2817.27
3.25973 2791.16
3.261 2764.7
3.26227 2737.86
3.26354 2710.6
3.26481 2682.89
3.26608 2654.69
3.26735 2625.98
3.26862 2596.7
3.26989 2566.83
3.27116 2536.33
3.27243 2505.16
3.2737 2473.28
3.27497 2440.66
3.27624 2407.27
3.27751 2373.1
3.27878 2338.13
3.28005 2302.36
3.28132 2265.82
3.28259 2228.56
3.28386 2190.66
3.28513 2152.29
3.2864 2113.67
3.28767 2075.12
3.29021 246.369
3.29275 238.383
3.29529 232.881
3.29783 232.566
3.30037 242.08
3.30291 268.69
3.30545 322.834
3.30799 419.877
3.31053 586.653
3.31307 878.975
3.31561 1415.09
3.31815 2253.42
3.32323 280.038
3.32577 1463.04
3.3283 1212.06
3.33084 1053.4
3.33338 946.223
3.33592 869.797
3.33846 812.962
3.341 769.299
3.34354 734.893
3.34608 707.233
3.34862 684.641
3.35116 665.209
3.35243 5171.68
3.3537 5113.66
3.35497 5060.24
3.35624 5011
3.35751 4965.53
3.35878 4923.51
3.36005 4884.64
3.36132 4848.65
3.36259 4815.32
3.36386 4784.45
3.36513 4755.84
3.3664 4729.35
3.36767 4704.81
3.36894 4682.11
3.37021 4661.13
3.37148 4641.75
3.37275 4623.89
3.37402 4607.45
3.37529 4592.37
3.37656 4578.56
3.37783 4565.96
3.3791 4554.51
3.38037 4544.17
3.38164 4534.87
3.38291 4526.58
3.38418 4519.25
3.38545 4512.85
3.38672 4507.33
3.38799 4502.68
3.38926 4498.86
3.39053 4495.84
3.3918 4493.6
3.39307 4492.11
3.39434 4491.36
3.39561 4491.33
3.39688 4491.99
3.39815 4493.34
3.39942 4495.36
3.40069 4498.03
3.40196 4501.34
3.40323 4505.29
3.4045 4509.86
3.40577 4515.05
3.40704 4520.84
3.40831 4527.23
3.40958 4534.21
3.41085 4541.78
3.41212 4549.93
3.41339 4558.66
3.41466 4567.97
3.41593 4577.85
3.4172 4588.29
3.41847 4599.31
3.41974 4610.89
3.42101 4623.03
3.42228 4635.75
3.42355 4649.03
3.42482 4662.87
3.42609 4677.29
3.42736 4692.28
3.42863 4707.84
3.4299 4723.97
3.43117 4740.68
3.43244 4757.98
3.43371 4775.86
3.43498 4794.33
3.43625 4813.39
3.43752 4833.06
3.43879 4853.32
3.44006 4874.2
3.44133 4895.69
3.4426 4917.8
3.44387 4940.53
3.44514 4963.9
3.44641 4987.91
3.44768 5012.57
3.44895 5037.87
3.45022 5063.84
3.45149 5090.48
3.45276 5117.79
3.45403 5145.78
3.4553 5174.46
3.45657 5203.83
3.45784 5233.91
3.45911 5264.7
3.46038 5296.2
3.46165 5328.43
3.46292 5361.39
3.46419 5395.08
3.46546 5429.51
3.46673 5464.68
3.468 5500.61
3.46927 5537.28
3.47054 5574.71
3.47181 5612.88
3.47308 5651.82
3.47435 5691.5
3.47562 5731.92
3.47689 5773.09
3.47816 5814.99
3.47943 5857.61
3.4807 5900.94
3.48197 5944.97
3.48324 5989.67
3.48451 6035.02
3.48578 6080.99
3.48705 6127.55
3.48831 6174.68
3.48958 6222.31
3.49085 6270.41
3.49212 6318.93
3.49339 6367.8
3.49466 6416.95
3.49593 6466.32
3.4972 6515.81
3.49847 6565.34
3.49974 6614.79
3.50101 6664.07
3.50228 6713.05
3.50355 6761.6
3.50482 6809.58
3.50609 6856.84
3.50736 6903.2
3.50863 6948.5
3.5099 6992.56
3.51117 7035.17
3.51244 7076.15
3.51371 7115.26
3.51498 7152.31
3.51625 7187.06
3.51752 7219.3
3.51879 7248.79
3.52006 7275.31
3.52133 7298.65
3.5226 7318.58
3.52387 7334.91
3.52514 7347.45
3.52641 7356.01
3.52768 7360.46
3.52895 7360.66
3.53022 7356.5
3.53149 7347.91
3.53276 7334.83
3.53403 7317.27
3.5353 7295.23
3.53657 7268.77
3.53784 7237.98
3.53911 7202.96
3.54038 7163.87
3.54165 7120.89
3.54292 7074.22
3.54419 7024.09
3.54546 6970.75
3.54673 6914.45
3.548 6855.48
3.54927 6794.12
3.55054 6730.67
3.55181 6665.42
3.55308 6598.65
3.55435 6530.67
3.55562 6461.74
3.55689 6392.15
3.55816 6322.14
3.55943 6251.97
3.5607 6181.87
3.56197 6112.06
3.56324 6042.74
3.56451 5974.09
3.56578 5906.28
3.56705 5839.47
3.56832 5773.79
3.56959 5709.37
3.57086 5646.3
3.57213 5584.7
3.5734 5524.63
3.57467 5466.17
3.57594 5409.36
3.57721 5354.27
3.57848 5300.92
3.57975 5249.34
3.58102 5199.55
3.58229 5151.57
3.58356 5105.39
3.58483 5061.02
3.5861 5018.46
3.58737 4977.69
3.58864 4938.7
3.58991 4901.48
3.59118 4866
3.59245 4832.23
3.59372 4800.17
3.59499 4769.77
3.59626 4741.01
3.59753 4713.87
3.5988 4688.31
3.60007 4664.3
3.60134 4641.97
3.60261 4620.98
3.60388 4601.45
3.60515 4583.36
3.60642 4566.66
3.60769 4551.34
3.60896 4537.35
3.61023 4524.68
3.6115 4513.29
3.61277 4503.15
3.61404 4494.25
3.61531 4486.55
3.61658 4480.03
3.61785 4474.66
3.61912 4470.43
3.62039 4467.3
3.62166 4465.27
3.62293 4464.3
3.6242 4464.37
3.62547 4465.48
3.62674 4467.6
3.62801 4470.72
3.62928 4474.81
3.63055 4479.87
3.63182 4485.87
3.63309 4492.81
3.63436 4500.68
3.63563 4509.46
3.6369 4519.13
3.63817 4529.7
3.63944 4541.15
3.64071 4553.48
3.64198 4566.66
3.64325 4580.71
3.64452 4595.61
3.64579 4611.35
3.64706 4627.94
3.64833 4645.36
3.64959 4663.61
3.65086 4682.7
3.65213 4702.61
3.6534 4723.35
3.65467 4744.91
3.65594 4767.3
3.65721 4790.51
3.65848 4814.55
3.65975 4839.42
3.66102 4865.12
3.66229 4891.66
3.66356 4919.02
3.66483 4947.24
3.6661 4976.29
3.66737 5006.2
3.66864 5036.97
3.66991 5068.6
3.67118 5101.11
3.67245 5134.5
3.67372 5168.78
3.67499 5203.96
3.67626 5240.06
3.67753 5277.08
3.6788 5315.04
3.68007 5353.96
3.68134 5393.84
3.68261 5434.71
3.68388 5476.58
3.68515 5519.48
3.68642 5563.42
3.68769 5608.42
3.68896 5654.51
3.69023 5701.71
3.6915 5750.05
3.69277 5799.56
3.69404 5850.27
3.69531 5902.21
3.69658 5955.41
3.69912 749.932
3.70166 764.79
3.7042 780.433
3.70674 796.863
3.70928 814.137
3.71182 832.318
3.71436 851.474
3.7169 871.681
3.71944 893.019
3.72198 915.571
3.72452 939.417
3.72706 964.634
3.7296 991.278
3.73214 1019.38
3.73468 1048.91
3.73722 1079.77
3.73976 1111.73
3.7423 1144.4
3.74484 1177.15
3.74738 1209.06
3.74992 1238.86
3.75246 1264.92
3.755 1285.33
3.75754 1298.09
3.76008 1301.41
3.76262 1294.1
3.76516 1275.89
3.7677 1247.6
3.77024 1210.98
3.77278 1168.39
3.77532 1122.34
3.77786 1075.13
3.7804 1028.61
3.78294 984.119
3.78548 942.486
3.78802 904.149
3.79056 869.245
3.7931 837.707
3.79564 809.345
3.79818 783.858
3.80072 761.038
3.80326 740.558
3.8058 722.139
3.80834 705.527
3.81087 690.489
3.81341 676.824
3.81595 664.351
3.81849 652.918
3.82103 642.391
3.82357 632.017
3.82484 4947.09
3.82611 4910.03
3.82738 4874.19
3.82865 4839.52
3.82992 4805.93
3.83119 4773.38
3.83246 4741.82
3.83373 4711.19
3.835 4681.45
3.83627 4652.56
3.83754 4624.49
3.83881 4597.2
3.84008 4570.66
3.84135 4544.85
3.84262 4519.73
3.84389 4495.3
3.84516 4471.53
3.84643 4448.4
3.8477 4425.9
3.84897 4404.01
3.85024 4382.72
3.85151 4362.03
3.85278 4341.92
3.85405 4322.39
3.85532 4303.43
3.85659 4285.04
3.85786 4267.21
3.85913 4249.94
3.8604 4233.23
3.86167 4217.08
3.86294 4201.49
3.86421 4186.46
3.86548 4172
3.86675 4158.1
3.86802 4144.78
3.86929 4132.04
3.87056 4119.88
3.87183 4108.31
3.8731 4097.34
3.87437 4086.98
3.87564 4077.23
3.87691 4068.12
3.87818 4059.64
3.87945 4051.81
3.88072 4044.65
3.88199 4038.17
3.88326 4032.38
3.88453 4027.3
3.8858 4022.94
3.88707 4019.33
3.88834 4016.48
3.88961 4014.42
3.89088 4013.16
3.89215 4012.88
3.89342 4013.3
3.89469 4014.59
3.89596 4016.78
3.89723 4019.9
3.8985 4023.97
3.89977 4029.02
3.90104 4035.09
3.90231 4042.21
3.90358 4050.41
3.90485 4059.72
3.90612 4070.19
3.90739 4081.84
3.90866 4094.72
3.90993 4108.86
3.9112 4124.32
3.91247 4141.12
3.91374 4159.31
3.91501 4178.94
3.91628 4200.05
3.91755 4222.68
3.91882 4246.88
3.92009 4272.7
3.92136 4300.17
3.92263 4329.35
3.9239 4360.28
3.92517 4393
3.92644 4427.55
3.92771 4463.96
3.92898 4502.28
3.93025 4542.53
3.93152 4584.74
3.93279 4628.93
3.93406 4675.11
3.93533 4723.29
3.9366 4773.47
3.93787 4825.64
3.93914 4879.78
3.94041 4935.84
3.94168 4993.77
3.94295 5053.52
3.94422 5114.99
3.94549 5178.09
3.94676 5242.69
3.94803 5308.64
3.9493 5375.77
3.95057 5443.89
3.95184 5512.78
3.95311 5582.19
3.95438 5651.85
3.95565 5721.45
3.95692 5790.66
3.95819 5859.15
3.95946 5926.52
3.96073 5992.4
3.962 6056.38
3.96327 6118.04
3.96454 6176.96
3.96581 6232.73
3.96708 6284.93
3.96835 6333.18
3.96962 6377.1
3.97089 6416.36
3.97215 6450.66
3.97342 6479.74
3.97469 6503.39
3.97596 6521.47
3.97723 6533.86
3.9785 6540.54
3.97977 6541.52
3.98104 6536.86
3.98231 6526.69
3.98358 6511.18
3.98485 6490.52
3.98612 6465.01
3.98739 6434.9
3.98866 6400.51
3.98993 6362.15
3.9912 6320.15
3.99247 6274.86
3.99374 6226.61
3.99501 6175.74
3.99628 6122.57
3.99755 6067.41
3.99882 6010.56
4.00009 5952.31
4.00136 5892.92
4.00263 5832.64
4.0039 5771.68
4.00517 5710.27
4.00644 5648.59
4.00771 5586.8
4.00898 5525.07
4.01025 5463.52
4.01152 5402.28
4.01279 5341.46
4.01406 5281.14
4.01533 5221.42
4.0166 5162.35
4.01787 5103.99
4.01914 5046.4
4.02041 4989.62
4.02168 4933.67
4.02295 4878.58
4.02422 4824.38
4.02549 4771.08
4.02676 4718.69
4.02803 4667.22
4.0293 4616.66
4.03057 4567.02
4.03184 4518.29
4.03311 4470.47
4.03438 4423.54
4.03565 4377.51
4.03692 4332.35
4.03819 4288.06
4.03946 4244.61
4.04073 4202.01
4.042 4160.22
4.04327 4119.24
4.04454 4079.05
4.04581 4039.63
4.04708 4000.96
4.04835 3963.03
4.04962 3925.82
4.05089 3889.32
4.05216 3853.49
4.05343 3818.34
4.0547 3783.84
4.05597 3749.98
4.05724 3716.73
4.05851 3684.08
4.05978 3652.01
4.06105 3620.51
4.06232 3589.56
4.06359 3559.15
4.06486 3529.25
4.06613 3499.86
4.0674 3470.95
4.06867 3442.51
4.06994 3414.52
4.07121 3386.98
4.07248 3359.86
4.07375 3333.15
4.07502 3306.83
4.07629 3280.88
4.07756 3255.3
4.07883 3230.07
4.0801 3205.17
4.08137 3180.58
4.08264 3156.3
4.08391 3132.29
4.08518 3108.56
4.08645 3085.08
4.08772 3061.83
4.08899 3038.81
4.09026 3015.98
4.09153 2993.34
4.0928 2970.86
4.09407 2948.54
4.09534 2926.33
4.09661 2904.24
4.09788 2882.23
4.09915 2860.29
4.10042 2838.39
4.10169 2816.52
4.10296 2794.63
4.10423 2772.72
4.1055 2750.74
4.10677 2728.68
4.10804 2706.5
4.10931 2684.17
4.11058 2661.66
4.11185 2638.93
4.11312 2615.95
4.11439 2592.66
4.11566 2569.04
4.11693 2545.03
4.1182 2520.6
4.11947 2495.68
4.12074 2470.23
4.12201 2444.21
4.12328 2417.55
4.12455 2390.21
4.12582 2362.15
4.12709 2333.32
4.12836 2303.71
4.12963 2273.31
4.1309 2242.15
4.13217 2210.31
4.13343 2177.96
4.1347 2145.37
4.13597 2112.99
4.13724 2081.55
4.13851 2052.17
4.13978 2026.6
4.14105 2007.51
4.14232 1998.96
4.14359 2007.13
4.14486 2041.22
4.14613 2114.75
4.14867 292.641
4.15121 389.588
4.15375 607.189
4.15629 1095.81
4.15883 1795
4.16137 1509.89
4.16391 1105.87
4.16645 889.437
4.16899 766.6
4.17153 688.998
4.1728 5085.02
4.17407 4916.62
4.17534 4773.65
4.17661 4651.07
4.17788 4545.08
4.17915 4452.77
4.18042 4371.85
4.18169 4300.55
4.18296 4237.43
4.18423 4181.33
4.1855 4131.32
4.18677 4086.62
4.18804 4046.57
4.18931 4010.65
4.19058 3978.39
4.19185 3949.42
4.19312 3923.4
4.19439 3900.06
4.19566 3879.14
4.19693 3860.44
4.1982 3843.78
4.19947 3829
4.20074 3815.96
4.20201 3804.53
4.20328 3794.6
4.20455 3786.09
4.20582 3778.9
4.20709 3772.97
4.20836 3768.21
4.20963 3764.59
4.2109 3762.03
4.21217 3760.5
4.21344 3759.95
4.21471 3760.35
4.21598 3761.66
4.21725 3763.85
4.21852 3766.89
4.21979 3770.76
4.22106 3775.44
4.22233 3780.92
4.2236 3787.16
4.22487 3794.17
4.22614 3801.93
4.22741 3810.42
4.22868 3819.64
4.22995 3829.58
4.23122 3840.23
4.23249 3851.6
4.23376 3863.67
4.23503 3876.44
4.2363 3889.91
4.23757 3904.09
4.23884 3918.97
4.24011 3934.55
4.24138 3950.83
4.24265 3967.83
4.24392 3985.54
4.24519 4003.97
4.24646 4023.12
4.24773 4043
4.249 4063.62
4.25027 4084.98
4.25154 4107.09
4.25281 4129.97
4.25408 4153.62
4.25535 4178.05
4.25662 4203.27
4.25789 4229.3
4.25916 4256.14
4.26043 4283.81
4.2617 4312.32
4.26297 4341.68
4.26424 4371.91
4.26551 4403.02
4.26678 4435.01
4.26805 4467.92
4.26932 4501.74
4.27059 4536.49
4.27186 4572.18
4.27313 4608.83
4.2744 4646.45
4.27567 4685.05
4.27694 4724.64
4.27821 4765.22
4.27948 4806.8
4.28075 4849.39
4.28202 4892.99
4.28329 4937.6
4.28456 4983.21
4.28583 5029.82
4.2871 5077.42
4.28837 5125.99
4.28964 5175.5
4.29091 5225.94
4.29218 5277.25
4.29345 5329.41
4.29471 5382.34
4.29598 5436
4.29725 5490.31
4.29852 5545.17
4.29979 5600.49
4.30106 5656.14
4.30233 5712
4.3036 5767.91
4.30487 5823.71
4.30614 5879.2
4.30741 5934.16
4.30868 5988.38
4.30995 6041.58
4.31122 6093.5
4.31249 6143.84
4.31376 6192.27
4.31503 6238.45
4.3163 6282.04
4.31757 6322.67
4.31884 6359.96
4.32011 6393.54
4.32138 6423.03
4.32265 6448.06
4.32392 6468.3
4.32519 6483.42
4.32646 6493.14
4.32773 6497.21
4.329 6495.43
4.33027 6487.66
4.33154 6473.84
4.33281 6453.94
4.33408 6428.03
4.33535 6396.25
4.33662 6358.75
4.33789 6315.8
4.33916 6267.71
4.34043 6214.85
4.3417 6157.63
4.34297 6096.48
4.34424 6031.87
4.34551 5964.27
4.34678 5894.18
4.34805 5822.07
4.34932 5748.43
4.35059 5673.7
4.35186 5598.32
4.35313 5522.71
4.3544 5447.23
4.35567 5372.25
4.35694 5298.07
4.35821 5224.99
4.35948 5153.24
4.36075 5083.05
4.36202 5014.6
4.36329 4948.06
4.36456 4883.56
4.36583 4821.2
4.3671 4761.08
4.36837 4703.25
4.36964 4647.75
4.37091 4594.63
4.37218 4543.91
4.37345 4495.57
4.37472 4449.61
4.37599 4406.02
4.37726 4364.77
4.37853 4325.84
4.3798 4289.17
4.38107 4254.74
4.38234 4222.5
4.38361 4192.4
4.38488 4164.4
4.38615 4138.44
4.38742 4114.47
4.38869 4092.44
4.38996 4072.31
4.39123 4054.01
4.3925 4037.51
4.39377 4022.75
4.39504 4009.68
4.39631 3998.27
4.39758 3988.46
4.39885 3980.21
4.40012 3973.48
4.40139 3968.23
4.40266 3964.43
4.40393 3962.03
4.4052 3961.01
4.40647 3961.33
4.40774 3962.97
4.40901 3965.88
4.41028 3970.05
4.41155 3975.46
4.41282 3982.08
4.41409 3989.87
4.41536 3998.84
4.41663 4008.94
4.4179 4020.19
4.41917 4032.41
4.42044 4045.86
4.42171 4060.4
4.42298 4076.02
4.42425 4092.71
4.42552 4110.45
4.42679 4129.24
4.42806 4149.09
4.42933 4169.97
4.4306 4191.89
4.43187 4214.85
4.43314 4238.84
4.43441 4263.87
4.43568 4289.94
4.43695 4317.04
4.43822 4345.19
4.43949 4374.4
4.44076 4404.66
4.44203 4435.98
4.4433 4468.39
4.44457 4501.87
4.44584 4536.47
4.44711 4572.18
4.44838 4609.02
4.44965 4646.99
4.45092 4686.13
4.45219 4726.49
4.45346 4768.04
4.45473 4810.83
4.45599 4854.89
4.45726 4900.27
4.45853 4946.98
4.4598 4995.05
4.46107 5044.52
4.46234 5095.47
4.46361 5147.92
4.46488 5201.93
4.46615 5257.55
4.46742 5314.84
4.46869 5373.89
4.46996 5434.73
4.47123 5497.43
4.4725 5562.14
4.47377 5628.9
4.47504 5697.8
4.47631 5768.97
4.47758 5842.52
4.47885 5918.52
4.48012 5997.12
4.48139 6078.47
4.48266 6162.69
4.48393 6249.91
4.4852 6340.25
4.48647 6433.9
4.48774 6531
4.48901 6631.64
4.49028 6736.04
4.49155 6844.21
4.49282 6956.35
4.49409 7072.4
4.49663 899.925
4.49917 932.623
4.50171 967.149
4.50425 1002.89
4.50679 1038.94
4.50933 1073.81
4.51187 1105.29
4.51441 1130.62
4.51695 1146.72
4.51949 1150.93
4.52203 1141.75
4.52457 1119.48
4.52711 1086.22
4.52965 1045.27
4.53219 1000.24
4.53473 954.254
4.53727 909.658
4.53981 867.9
4.54235 829.721
4.54489 795.343
4.54743 764.022
4.5487 5888.56
4.54997 5782.56
4.55124 5682.7
4.55251 5588.58
4.55378 5499.79
4.55505 5416.03
4.55632 5336.87
4.55759 5261.99
4.55886 5191.02
4.56013 5123.79
4.5614 5059.85
4.56267 4999.06
4.56394 4941.22
4.56521 4886.02
4.56648 4833.27
4.56775 4782.85
4.56902 4734.52
4.57029 4688.21
4.57156 4643.72
4.57283 4600.94
4.5741 4559.76
4.57537 4520.12
4.57664 4481.89
4.57791 4445
4.57918 4409.32
4.58045 4374.91
4.58172 4341.83
4.58299 4309.54
4.58426 4278.4
4.58553 4248.2
4.5868 4218.94
4.58807 4190.65
4.58934 4163.27
4.59061 4136.72
4.59188 4110.99
4.59315 4086.13
4.59442 4062.1
4.59569 4038.83
4.59696 4016.36
4.59823 3994.68
4.5995 3973.76
4.60077 3953.67
4.60204 3934.28
4.60331 3915.69
4.60458 3897.85
4.60585 3880.8
4.60712 3864.46
4.60839 3848.99
4.60966 3834.26
4.61093 3820.36
4.6122 3807.25
4.61347 3794.97
4.61474 3783.5
4.61601 3772.92
4.61727 3763.17
4.61854 3754.29
4.61981 3746.33
4.62108 3739.31
4.62235 3733.21
4.62362 3728.12
4.62489 3723.98
4.62616 3720.9
4.62743 3718.91
4.6287 3717.93
4.62997 3718.17
4.63124 3719.51
4.63251 3722.07
4.63378 3725.87
4.63505 3730.96
4.63632 3737.42
4.63759 3745.21
4.63886 3754.46
4.64013 3765.18
4.6414 3777.46
4.64267 3791.33
4.64394 3806.81
4.64521 3824.12
4.64648 3843.13
4.64775 3863.99
4.64902 3886.8
4.65029 3911.58
4.65156 3938.4
4.65283 3967.36
4.6541 3998.49
4.65537 4031.92
4.65664 4067.6
4.65791 4105.72
4.65918 4146.23
4.66045 4189.16
4.66172 4234.7
4.66299 4282.87
4.66426 4333.55
4.66553 4386.9
4.6668 4442.81
4.66807 4501.31
4.66934 4562.34
4.67061 4625.81
4.67188 4691.69
4.67315 4759.78
4.67442 4829.95
4.67569 4902
4.67696 4975.69
4.67823 5050.73
4.6795 5126.78
4.68077 5203.48
4.68204 5280.42
4.68331 5357.05
4.68458 5432.93
4.68585 5507.48
4.68712 5580.09
4.68839 5650.17
4.68966 5717.08
4.69093 5780.15
4.6922 5838.81
4.69347 5892.44
4.69474 5940.48
4.69601 5982.44
4.69728 6017.88
4.69855 6046.45
4.69982 6067.89
4.70109 6082.05
4.70236 6088.87
4.70363 6088.39
4.7049 6080.78
4.70617 6066.24
4.70744 6045.08
4.70871 6017.69
4.70998 5984.47
4.71125 5945.91
4.71252 5902.5
4.71379 5854.75
4.71506 5803.16
4.71633 5748.25
4.7176 5690.48
4.71887 5630.33
4.72014 5568.24
4.72141 5504.61
4.72268 5439.81
4.72395 5374.19
4.72522 5308.05
4.72649 5241.66
4.72776 5175.27
4.72903 5109.08
4.7303 5043.29
4.73157 4978.04
4.73284 4913.47
4.73411 4849.7
4.73538 4786.82
4.73665 4724.9
4.73792 4664.02
4.73919 4604.21
4.74046 4545.51
4.74173 4487.96
4.743 4431.56
4.74427 4376.34
4.74554 4322.29
4.74681 4269.41
4.74808 4217.69
4.74935 4167.14
4.75062 4117.72
4.75189 4069.43
4.75316 4022.25
4.75443 3976.15
4.7557 3931.12
4.75697 3887.13
4.75824 3844.16
4.75951 3802.18
4.76078 3761.17
4.76205 3721.1
4.76332 3681.96
4.76459 3643.71
4.76586 3606.32
4.76713 3569.78
4.7684 3534.06
4.76967 3499.13
4.77094 3464.97
4.77221 3431.56
4.77348 3398.87
4.77475 3366.88
4.77602 3335.57
4.77729 3304.9
4.77855 3274.87
4.77982 3245.45
4.78109 3216.61
4.78236 3188.34
4.78363 3160.61
4.7849 3133.41
4.78617 3106.7
4.78744 3080.47
4.78871 3054.7
4.78998 3029.37
4.79125 3004.46
4.79252 2979.94
4.79379 2955.79
4.79506 2932
4.79633 2908.53
4.7976 2885.37
4.79887 2862.49
4.80014 2839.88
4.80141 2817.49
4.80268 2795.32
4.80395 2773.34
4.80522 2751.51
4.80649 2729.81
4.80776 2708.21
4.80903 2686.67
4.8103 2665.17
4.81157 2643.68
4.81284 2622.14
4.81411 2600.54
4.81538 2578.81
4.81665 2556.93
4.81792 2534.84
4.81919 2512.49
4.82046 2489.84
4.82173 2466.83
4.823 2443.41
4.82427 2419.51
4.82554 2395.08
4.82681 2370.07
4.82808 2344.44
4.82935 2318.15
4.83062 2291.2
4.83189 2263.62
4.83316 2235.52
4.83443 2207.11
4.8357 2178.75
4.83697 2151.11
4.83824 2125.29
4.83951 2103.11
4.84078 2087.57
4.84205 2083.64
4.84332 2099.48
4.84459 2148.56
4.84586 2252.82
4.84713 2447.68
4.8484 2789.79
4.84967 3370.66
4.85221 661.512
4.85475 1326
4.85729 1393.74
4.85983 970.294
4.86237 759.181
4.86364 5226.28
4.86491 4912.89
4.86618 4669.08
4.86745 4475.05
4.86872 4317.72
4.86999 4188.14
4.87126 4080.01
4.87253 3988.81
4.8738 3911.19
4.87507 3844.64
4.87634 3787.22
4.87761 3737.45
4.87888 3694.15
4.88015 3656.37
4.88142 3623.37
4.88269 3594.53
4.88396 3569.33
4.88523 3547.37
4.8865 3528.28
4.88777 3511.78
4.88904 3497.62
4.89031 3485.58
4.89158 3475.48
4.89285 3467.18
4.89412 3460.53
4.89539 3455.42
4.89666 3451.76
4.89793 3449.44
4.8992 3448.41
4.90047 3448.59
4.90174 3449.93
4.90301 3452.37
4.90428 3455.87
4.90555 3460.4
4.90682 3465.92
4.90809 3472.4
4.90936 3479.82
4.91063 3488.16
4.9119 3497.4
4.91317 3507.52
4.91444 3518.52
4.91571 3530.39
4.91698 3543.1
4.91825 3556.68
4.91952 3570.35
4.92015 28611.5
4.92079 28673
4.92142 28736.1
4.92206 28800.9
4.92269 28867.3
4.92333 28935.5
4.92396 29005.3
4.9246 29076.8
4.92523 29150
4.92587 29224.9
4.9265 29301.5
4.92714 29379.8
4.92777 29459.9
4.92841 29541.6
4.92904 29625.1
4.92968 29710.4
4.93031 29797.4
4.93095 29886.1
4.93158 29976.7
4.93222 30069
4.93285 30163.2
4.93349 30259.1
4.93412 30356.9
4.93476 30456.5
4.93539 30558
4.93603 30661.4
4.93666 30766.6
4.9373 30873.8
4.93793 30982.8
4.93857 31093.8
4.9392 31206.7
4.93983 31321.6
4.94047 31438.5
4.9411 31557.4
4.94174 31678.3
4.94237 31801.3
4.94301 31926.2
4.94364 32053.3
4.94428 32182.5
4.94491 32313.8
4.94555 32447.2
4.94618 32582.8
4.94682 32720.6
4.94745 32860.5
4.94809 33002.6
4.94872 33147
4.94936 33293.6
4.94999 33442.6
4.95063 33593.8
4.95126 33747.3
4.9519 33903.1
4.95253 34061.3
4.95317 34221.9
4.9538 34384.8
4.95444 34550.1
4.95507 34717.8
4.95571 34888.1
4.95634 35060.6
4.95698 35235.6
4.95761 35413.2
4.95825 35593.3
4.95888 35775.8
4.95952 35960.7
4.96015 36148.2
4.96079 36338.2
4.96142 36530.6
4.96206 36725.6
4.96269 36923.2
4.96333 37123.2
4.96396 37325.6
4.9646 37530.4
4.96523 37737.9
4.96587 37947.6
4.9665 38159.8
4.96714 38374.2
4.96777 38591
4.96841 38810.1
4.96904 39031.5
4.96968 39255.1
4.97031 39480.7
4.97158 4964.41
4.97285 5022.39
4.97412 5081.22
4.97539 5140.75
4.97666 5200.93
4.97793 5261.56
4.9792 5322.4
4.98047 5383.29
4.98174 5443.93
4.98301 5504.1
4.98428 5563.39
4.98555 5621.54
4.98682 5677.99
4.98809 5732.49
4.98936 5784.47
4.99063 5833.49
4.9919 5878.87
4.99317 5920.25
4.99444 5957.05
4.99571 5988.64
4.99698 6014.64
4.99825 6034.53
4.99952 6047.7
