1p|def|Quality for RKM_auto with p = 4|x|Quality
0.00525306 1.049
0.0157592 1.00782
0.0367714 1.01262
0.0787958 1.01443
0.162845 1.01549
0.246894 1.56352
0.330943 1.97757
0.414991 2.3003
0.49904 2.61014
0.583089 2.98762
0.667138 3.51787
0.751187 4.29058
0.835236 5.18946
0.919285 5.6197
1.00333 4.58293
1.04536 122.655
1.08738 110.011
1.12941 106.194
1.17143 115.819
1.21346 129.227
1.2975 1.325
1.33953 17.2753
1.38155 11.2062
1.42358 9.93932
1.4656 11.9809
1.50763 17.2151
1.54965 14.8041
1.59168 7.69765
1.6337 4.72052
1.65471 98.8782
1.67573 90.1688
1.69674 85.6826
1.71775 84.5793
1.73876 86.2851
1.75977 90.3494
1.78079 96.4094
1.8018 104.276
1.82281 114.063
1.84382 126.459
1.86484 142.952
1.88585 166.374
1.90686 202.25
1.92787 262.883
1.94888 382.414
1.9699 700.304
1.99091 2143.86
2.03293 26.9099
2.05395 369.777
2.07496 309.832
2.09597 287.48
2.11698 290.789
2.13799 321.292
2.15901 395.905
2.18002 578.257
2.20103 1250.34
2.22204 3171.22
2.26407 31.6752
2.28508 367.774
2.30609 325.219
2.3271 324.293
2.34812 368.899
2.36913 505.733
2.39014 836.315
2.41115 538.949
2.43217 257.646
2.45318 149.242
2.47419 94.9339
2.4952 63.1223
2.51621 43.7303
2.53723 32.3381
2.55824 26.2332
2.57925 23.5924
2.60026 23.4791
2.62128 25.6202
2.64229 30.6416
2.6633 40.8066
2.68431 62.5418
2.70532 100.665
2.72634 88.4529
2.74735 65.8408
2.76836 68.7255
2.78937 111.94
2.81039 135.405
2.8314 76.5844
2.85241 55.2601
2.87342 48.7229
2.89443 50.8376
2.91545 62.2338
2.93646 64.1158
2.95747 37.7363
2.97848 22.9443
2.9995 16.4412
3.02051 13.3626
3.03101 359.068
3.04152 356.659
3.05203 362.515
3.06253 375.836
3.07304 395.405
3.08354 420.976
3.09405 452.691
3.10456 491.668
3.11506 540.484
3.12557 603.925
3.13607 690.503
3.14658 816.079
3.15709 1013.6
3.16759 1364.42
3.18861 66.981
3.20962 130.652
3.23063 35.8506
3.25164 21.165
3.27265 15.2758
3.28316 503.568
3.30417 13.2948
3.32518 16.5987
3.3462 67.2689
3.36721 6.06474
3.38822 1.79843
3.40923 3.13557
3.43025 4.9388
3.45126 8.4279
3.47227 12.9657
3.49328 3.78859
3.51429 1.56125
3.5248 28.5684
3.53531 22.9849
3.54581 20.4696
3.55632 19.7781
3.56683 19.9742
3.57733 20.5912
3.58784 21.5027
3.59834 22.774
3.60885 24.7325
3.61936 27.5129
3.62986 31.9206
3.64037 39.331
3.65087 52.6096
3.66138 78.0542
3.67189 129.447
3.6929 8.01988
3.71391 11.24
3.73492 13.6767
3.75594 26.284
3.77695 14.7834
3.79796 5.83703
3.81897 4.22939
3.82948 171.497
3.85049 7.81305
3.8715 8.30522
3.88201 139.994
3.89251 109.395
3.90302 90.1212
3.91353 77.3079
3.92403 68.7033
3.93454 63.123
3.94505 59.9495
3.95555 58.8575
3.96606 59.6422
3.97656 62.1252
3.98707 66.2607
3.99758 71.943
4.00808 79.6616
4.01859 90.5143
4.02909 107.167
4.0396 137.264
4.05011 213.264
4.06061 479.657
4.08163 3.88036
4.09213 86.7716
4.10264 111.143
4.11314 145.521
4.12365 194.779
4.13416 271.83
4.14466 409.144
4.15517 714.844
4.16567 1873.25
4.18669 224.816
4.2077 32.7503
4.2182 671.04
4.22871 688.952
4.23922 775.403
4.24972 979.009
4.26023 1476.43
4.27074 2656.8
4.29175 51.7894
4.30225 589.621
4.31276 415.848
4.32327 308.653
4.33377 235.267
4.34428 183.51
4.35478 148.003
4.36529 125.127
4.3758 112.162
4.3863 107.342
4.39681 110.109
4.40731 121.471
4.41782 144.931
4.42833 189.514
4.43883 276.194
4.44934 456.605
4.45985 719.465
4.47035 668.078
4.48086 543.002
4.49136 513.437
4.50187 582.87
4.51238 819.856
4.53339 18.5407
4.5544 10.2079
4.56491 344.335
4.57541 407.676
4.58592 531.126
4.59642 642.112
4.60693 505.519
4.61744 335.467
4.62794 238.496
4.63845 184.995
4.64896 154.542
4.65946 137.928
4.66997 130.972
4.68047 131.47
4.69098 138.278
4.70149 150.635
4.71199 168.694
4.7225 194.28
4.733 232.603
4.74351 296.784
4.75402 427.337
4.76452 830.201
4.77503 1910.78
4.78553 500.87
4.79604 233.566
4.80655 122.406
4.81705 61.7113
4.82756 71.7672
4.83807 159.239
4.84857 342.637
4.85908 902.17
4.86958 6168.43
4.8906 60.8519
4.9011 712.987
4.91161 701.941
4.92211 776.797
4.93262 982.345
4.94313 1524.92
4.95363 2882.41
4.96414 1668.28
4.97464 856.648
4.98515 541.32
4.99566 374.947
