1p|def|Tolerance for RKM_auto with p = 4|x|y - y1
0 0
0.00525306 4.58967e-15
0.0157592 5.83379e-13
0.0367714 4.68946e-11
0.0787958 3.3126e-09
0.162845 2.24168e-07
0.246894 6.21706e-07
0.330943 1.25761e-06
0.414991 2.23452e-06
0.49904 3.65592e-06
0.583089 5.55107e-06
0.667138 7.80185e-06
0.751187 1.01632e-05
0.835236 1.24356e-05
0.919285 1.48594e-05
1.00333 1.53987e-05
1.04536 1.54957e-05
1.08738 1.54113e-05
1.12941 1.50844e-05
1.17143 1.44472e-05
1.21346 1.34956e-05
1.2975 1.05509e-05
1.33953 8.9686e-06
1.38155 8.02206e-06
1.42358 8.36688e-06
1.4656 9.87039e-06
1.50763 1.16813e-05
1.54965 1.30989e-05
1.59168 1.40372e-05
1.6337 1.50619e-05
1.65471 1.57737e-05
1.67573 1.67244e-05
1.69674 1.80173e-05
1.71775 1.97641e-05
1.73876 2.20793e-05
1.75977 2.50766e-05
1.78079 2.88682e-05
1.8018 3.35704e-05
1.82281 3.92938e-05
1.84382 4.6162e-05
1.86484 5.42965e-05
1.88585 6.38143e-05
1.90686 7.48179e-05
1.92787 8.73838e-05
1.94888 0.000101548
1.9699 0.000117289
1.99091 0.000134513
2.03293 0.000172575
2.05395 0.00019273
2.07496 0.00021299
2.09597 0.000232735
2.11698 0.000251252
2.13799 0.000267765
2.15901 0.000281474
2.18002 0.000291612
2.20103 0.000297507
2.22204 0.000298654
2.26407 0.000285886
2.28508 0.000272293
2.30609 0.000254606
2.3271 0.000233685
2.34812 0.000210557
2.36913 0.000186323
2.39014 0.000162056
2.41115 0.000138718
2.43217 0.000117105
2.45318 9.78189e-05
2.47419 8.12943e-05
2.4952 6.78274e-05
2.51621 5.7598e-05
2.53723 5.06213e-05
2.55824 4.66155e-05
2.57925 4.48215e-05
2.60026 4.43651e-05
2.62128 4.41982e-05
2.64229 4.3494e-05
2.6633 4.17105e-05
2.68431 3.86424e-05
2.70532 3.46011e-05
2.72634 3.00383e-05
2.74735 2.61941e-05
2.76836 2.44912e-05
2.78937 2.55926e-05
2.81039 2.86482e-05
2.8314 3.23517e-05
2.85241 3.54816e-05
2.87342 3.76365e-05
2.89443 3.87768e-05
2.91545 3.91402e-05
2.93646 3.91016e-05
2.95747 3.89297e-05
2.97848 3.91501e-05
2.9995 3.991e-05
3.02051 4.12103e-05
3.03101 4.24552e-05
3.04152 4.42189e-05
3.05203 4.65809e-05
3.06253 4.96316e-05
3.07304 5.33537e-05
3.08354 5.77876e-05
3.09405 6.29196e-05
3.10456 6.8708e-05
3.11506 7.5081e-05
3.12557 8.19353e-05
3.13607 8.91326e-05
3.14658 9.6498e-05
3.15709 0.000103819
3.16759 0.000110844
3.18861 0.000121162
3.20962 0.000129095
3.23063 0.000133066
3.25164 0.000131653
3.27265 0.00011689
3.28316 0.000106707
3.30417 8.81974e-05
3.32518 6.51012e-05
3.3462 4.0413e-05
3.36721 1.82233e-05
3.38822 9.16425e-06
3.40923 1.73435e-05
3.43025 2.19535e-05
3.45126 2.11044e-05
3.47227 1.63293e-05
3.49328 9.66733e-06
3.51429 6.51175e-06
3.5248 5.48351e-06
3.53531 4.94378e-06
3.54581 4.89039e-06
3.55632 5.19397e-06
3.56683 5.67932e-06
3.57733 6.20966e-06
3.58784 6.70245e-06
3.59834 7.11718e-06
3.60885 7.48351e-06
3.61936 7.74664e-06
3.62986 7.99166e-06
3.64037 8.30181e-06
3.65087 8.78065e-06
3.66138 9.52163e-06
3.67189 1.05695e-05
3.6929 1.33743e-05
3.71391 1.80081e-05
3.73492 2.19729e-05
3.75594 2.29999e-05
3.77695 2.01888e-05
3.79796 1.53557e-05
3.81897 1.39267e-05
3.82948 1.48512e-05
3.85049 2.02288e-05
3.8715 2.40635e-05
3.88201 2.53966e-05
3.89251 2.61522e-05
3.90302 2.65895e-05
3.91353 2.67014e-05
3.92403 2.66313e-05
3.93454 2.65667e-05
3.94505 2.67237e-05
3.95555 2.73126e-05
3.96606 2.84851e-05
3.97656 3.0277e-05
3.98707 3.26156e-05
3.99758 3.51647e-05
4.00808 3.75737e-05
4.01859 3.93507e-05
4.02909 3.9928e-05
4.0396 3.87145e-05
4.05011 3.52328e-05
4.06061 2.95465e-05
4.08163 2.62964e-05
4.09213 4.24562e-05
4.10264 6.8271e-05
4.11314 0.000100602
4.12365 0.000137686
4.13416 0.000177861
4.14466 0.000219243
4.15517 0.000259743
4.16567 0.000297201
4.18669 0.000354956
4.2077 0.000384489
4.2182 0.000385719
4.22871 0.000378425
4.23922 0.00036366
4.24972 0.000342858
4.26023 0.000317661
4.27074 0.000289761
4.29175 0.000232071
4.30225 0.000204852
4.31276 0.000179986
4.32327 0.000158091
4.33377 0.00013953
4.34428 0.000124405
4.35478 0.000112701
4.36529 0.000104142
4.3758 9.83174e-05
4.3863 9.47083e-05
4.39681 9.27595e-05
4.40731 9.19337e-05
4.41782 9.17286e-05
4.42833 9.18758e-05
4.43883 9.167e-05
4.44934 9.08787e-05
4.45985 8.91707e-05
4.47035 8.6303e-05
4.48086 8.21644e-05
4.49136 7.6847e-05
4.50187 7.05712e-05
4.51238 6.4506e-05
4.53339 6.0356e-05
4.5544 7.09052e-05
4.56491 8.04389e-05
4.57541 9.06844e-05
4.58592 0.000100084
4.59642 0.000108187
4.60693 0.000114385
4.61744 0.000118531
4.62794 0.000120937
4.63845 0.000122281
4.64896 0.000123402
4.65946 0.00012557
4.66997 0.000130286
4.68047 0.000138799
4.69098 0.0001521
4.70149 0.000170363
4.71199 0.000193017
4.7225 0.000218633
4.733 0.000245079
4.74351 0.000269453
4.75402 0.000288193
4.76452 0.000297169
4.77503 0.000292038
4.78553 0.000268839
4.79604 0.000224948
4.80655 0.000161383
4.81705 9.48067e-05
4.82756 0.000112548
4.83807 0.000222112
4.84857 0.000354162
4.85908 0.000487582
4.86958 0.00061024
4.8906 0.000787724
4.9011 0.000831769
4.91161 0.000844197
4.92211 0.000827472
4.93262 0.000786406
4.94313 0.000727242
4.95363 0.000656753
4.96414 0.000581337
4.97464 0.000506654
4.98515 0.000436883
4.99566 0.000375535
